1   0 7.28897
1   1 13.1357
1   2 14.9498
1   3 25.9015
1   4 32.8924
1   5 41.8638
1   6 49.135
2   1 14.9312
2   2 2.42492
2   3 11.3862
2   4 17.5951
2   5 26.101
2   6 31.598
2   7 40.9394
2   8 48.8092
3   0 28.667
3   1 25.3232
3   2 11.6789
3   3 14.0868
3   4 14.9081
3   5 20.9468
3   6 24.9543
3   7 33.0506
3   8 40.7973
3   9 50.096
4   1 37.996
4   2 18.3749
4   3 15.77
4   4 4.94167
4   5 11.3476
4   6 12.6067
4   7 20.1741
4   8 25.0765
4   9 33.2478
4  10 39.9545
4  11 49.798
4  12 57.678
5   1 43.603
5   2 27.8683
5   3 22.9215
5   4 12.4157
5   5 12.0507
5   6 8.66793
5   7 13.3689
5   8 16.5622
5   9 23.6637
5  10 28.9723
5  11 37.0817
5  12 43.7708
5  13 52.322
5  14 59.364
6   2 35.0941
6   3 28.9105
6   4 15.6987
6   5 10.6503
6   6 0
6   7 3.12501
6   8 3.01989
6   9 9.87314
6  10 13.6941
6  11 21.0388
6  12 24.9262
6  13 32.4207
6  14 37.5576
6  15 45.96
6  16 53.281
7   3 38.8001
7   4 24.3036
7   5 17.3381
7   6 5.34548
7   7 2.86342
7   8 0.101438
7   9 5.68366
7  10 7.87137
7  11 13.1145
7  12 15.8621
7  13 21.7651
7  14 25.2512
7  15 32.0387
7  16 38.396
7  17 47.543
7  18 56.504
8   4 32.048
8   5 23.1124
8   6 8.00736
8   7 2.8556
8   8 -4.737
8   9 -0.808813
8  10 -0.781522
8  11 3.33487
8  12 3.79746
8  13 8.06291
8  14 9.28415
8  15 14.613
8  16 19.0704
8  17 27.442
8  18 35.713
8  19 44.954
8  20 53.85
9   5 32.658
9   6 16.7754
9   7 10.6803
9   8 1.9517
9   9 0.873701
9  10 -1.48739
9  11 -0.017404
9  12 -0.047551
9  13 2.79338
9  14 3.32975
9  15 7.55953
9  16 11.2727
9  17 18.2718
9  18 24.9269
9  19 33.226
9  20 40.296
9  21 48.903
9  22 56.289
10   6 23.9965
10   7 16.4609
10   8 5.31717
10   9 1.75144
10  10 -7.04193
10  11 -5.73178
10  12 -8.02472
10  13 -5.15405
10  14 -5.95152
10  15 -2.10807
10  16 0.429611
10  17 7.06995
10  18 11.2446
10  19 18.0579
10  20 23.102
10  21 30.842
10  22 37.278
10  23 45.997
10  24 53.121
11   7 24.19
11   8 12.9268
11   9 6.84772
11  10 -2.18416
11  11 -5.18244
11  12 -9.52985
11  13 -8.41811
11  14 -9.35782
11  15 -6.86232
11  16 -5.51744
11  17 -0.989247
11  18 2.665
11  19 8.36109
11  20 12.6548
11  21 19.0645
11  22 24.8893
11  23 32.761
11  24 39.582
11  25 47.953
11  26 55.275
12   7 33.0401
12   8 17.5703
12   9 10.9105
12  10 -0.396963
12  11 -5.47377
12  12 -13.9336
12  13 -13.1928
12  14 -16.2146
12  15 -14.5867
12  16 -15.0186
12  17 -10.619
12  18 -8.91067
12  19 -3.21738
12  20 -0.954781
12  21 4.89407
12  22 8.8086
12  23 16.152
12  24 21.424
12  25 29.249
12  26 34.996
12  27 43.568
12  28 50.235
13   8 26.119
13   9 18.183
13  10 6.76957
13  11 -0.056946
13  12 -8.91617
13  13 -12.2103
13  14 -17.1967
13  15 -16.8504
13  16 -18.2153
13  17 -15.8724
13  18 -14.9536
13  19 -11.062
13  20 -8.52938
13  21 -2.9325
13  22 -0.13019
13  23 5.78197
13  24 9.94633
13  25 16.0506
13  26 21.3964
13  27 29.295
13  28 35.704
13  29 43.678
14   8 32.164
14   9 23.772
14  10 10.7547
14  11 3.82432
14  12 -7.14463
14  13 -12.3843
14  14 -21.4928
14  15 -21.895
14  16 -24.4329
14  17 -22.949
14  18 -24.0809
14  19 -20.4927
14  20 -19.9568
14  21 -14.3603
14  22 -12.4825
14  23 -6.58
14  24 -4.06727
14  25 1.92821
14  26 5.46705
14  27 13.5626
14  28 18.434
14  29 26.697
14  30 32.844
15   9 31.997
15  10 18.872
15  11 10.973
15  12 -0.71703
15  13 -7.15875
15  14 -16.9526
15  15 -20.2006
15  16 -24.4409
15  17 -24.3052
15  18 -26.3375
15  19 -24.5577
15  20 -24.8577
15  21 -20.251
15  22 -18.9941
15  23 -14.7578
15  24 -12.8737
15  25 -8.10684
15  26 -5.27651
15  27 0.938865
15  28 5.76595
15  29 12.1
15  30 17.903
15  31 25.504
16  10 25.97
16  11 17.543
16  12 4.0732
16  13 -3.15958
16  14 -14.0625
16  15 -19.0446
16  16 -26.0157
16  17 -26.586
16  18 -29.9318
16  19 -28.8464
16  20 -30.6641
16  21 -26.8964
16  22 -26.8612
16  23 -23.1622
16  24 -22.8666
16  25 -19.0191
16  26 -17.6775
16  27 -11.9652
16  28 -9.11617
16  29 -3.25267
16  30 0.699
16  31 8.002
16  32 13.199
16  33 22.001
17  11 26.557
17  12 13.143
17  13 4.443
17  14 -7.06716
17  15 -13.3298
17  16 -21.0034
17  17 -24.4398
17  18 -29.0135
17  19 -29.5219
17  20 -31.7615
17  21 -29.7981
17  22 -29.8002
17  23 -27.5578
17  24 -27.3072
17  25 -24.913
17  26 -24.1682
17  27 -20.2311
17  28 -18.3626
17  29 -14.7083
17  30 -10.517
17  31 -4.704
17  32 0.298
17  33 7.303
17  34 13.497
18  12 20.083
18  13 11.293
18  14 -2.2002
18  15 -9.38414
18  16 -18.3772
18  17 -23.0474
18  18 -30.2315
18  19 -30.9477
18  20 -34.7146
18  21 -33.242
18  22 -35.0399
18  23 -33.0675
18  24 -34.4227
18  25 -32.0098
18  26 -32.6731
18  27 -29.7706
18  28 -29.7201
18  29 -25.9078
18  30 -23.716
18  31 -18.146
18  32 -14.503
18  33 -7.797
18  34 -2.999
18  35 4.602
19  13 20.418
19  14 6.763
19  15 -1.481
19  16 -11.1689
19  17 -17.4262
19  18 -24.8002
19  19 -28.8007
19  20 -33.807
19  21 -33.5352
19  22 -35.5591
19  23 -35.0216
19  24 -36.5932
19  25 -35.8096
19  26 -36.6082
19  27 -35.4183
19  28 -35.6963
19  29 -32.1239
19  30 -30.3193
19  31 -25.3521
19  32 -22.002
19  33 -16.199
19  34 -11.998
19  35 -5.403
19  36 -0.27
20  14 13.153
20  15 4.602
20  16 -6.43936
20  17 -13.1618
20  18 -22.0592
20  19 -27.2744
20  20 -34.8463
20  21 -35.1378
20  22 -38.5471
20  23 -38.4086
20  24 -41.4685
20  25 -40.812
20  26 -43.1351
20  27 -42.3401
20  28 -44.2141
20  29 -41.2893
20  30 -39.5708
20  31 -35.8633
20  32 -32.5091
20  33 -27.898
20  34 -23.893
20  35 -18.118
20  36 -13.441
20  37 -7.12
21  15 13.898
21  16 2.841
21  17 -4.937
21  18 -14.168
21  19 -20.5232
21  20 -28.6424
21  21 -32.1212
21  22 -36.1879
21  23 -37.8161
21  24 -41.0678
21  25 -41.7571
21  26 -44.3321
21  27 -44.4961
21  28 -46.5524
21  29 -44.5369
21  30 -43.2182
21  31 -40.3565
21  32 -37.623
21  33 -34.2188
21  34 -29.5806
21  35 -25.271
21  36 -20.688
21  37 -15.174
21  38 -10.042
21  39 -3.996
22  16 9.101
22  17 1.5
22  18 -8.85028
22  19 -15.7
22  20 -25.1216
22  21 -29.3211
22  22 -37.5485
22  23 -39.0057
22  24 -44.1234
22  25 -44.9324
22  26 -48.4877
22  27 -48.5588
22  28 -51.4267
22  29 -49.7278
22  30 -49.4648
22  31 -46.8288
22  32 -45.5944
22  33 -41.6703
22  34 -38.9368
22  35 -33.5439
22  36 -30.767
22  37 -25.216
22  38 -21.648
22  39 -15.649
22  40 -11.653
22  41 -5.198
23  17 10.33
23  18 -0.205
23  19 -8.169
23  20 -18.024
23  21 -24.1164
23  22 -31.8796
23  23 -37.073
23  24 -42.0021
23  25 -44.4754
23  26 -47.9569
23  27 -49.2216
23  28 -52.2014
23  29 -51.4413
23  30 -51.8488
23  31 -49.891
23  32 -49.1515
23  33 -46.0801
23  34 -44.1887
23  35 -40.2087
23  36 -37.0666
23  37 -32.5773
23  38 -29.361
23  39 -24.424
23  40 -20.912
23  41 -15.398
23  42 -11.252
24  18 5.99
24  19 -2.133
24  20 -13.461
24  21 -18.9652
24  22 -29.4737
24  23 -34.5584
24  24 -42.8192
24  25 -45.3305
24  26 -50.2595
24  27 -51.4488
24  28 -55.4169
24  29 -55.2847
24  30 -56.9325
24  31 -55.1075
24  32 -55.2812
24  33 -52.5241
24  34 -51.8347
24  35 -47.8915
24  36 -46.5039
24  37 -42.1807
24  38 -40.4146
24  39 -35.527
24  40 -33.152
24  41 -27.796
24  42 -24.796
24  43 -19.049
25  19 6.399
25  20 -5.114
25  21 -12.37
25  22 -22.263
25  23 -29.3234
25  24 -37.6156
25  25 -42.6268
25  26 -48.2413
25  27 -50.7054
25  28 -54.6879
25  29 -55.5554
25  30 -57.7106
25  31 -56.9097
25  32 -57.4868
25  33 -55.9068
25  34 -55.4796
25  35 -53.1778
25  36 -51.5557
25  37 -48.0388
25  38 -46.3512
25  39 -42.6167
25  40 -40.6727
25  41 -36.254
25  42 -33.403
25  43 -28.597
25  44 -25.299
26  19 13.579
26  20 0.755
26  21 -6.623
26  22 -18.16
26  23 -24.582
26  24 -34.4755
26  25 -40.2223
26  26 -48.3316
26  27 -50.9453
26  28 -56.2525
26  29 -57.4794
26  30 -60.6054
26  31 -60.1801
26  32 -62.1534
26  33 -60.6631
26  34 -61.4118
26  35 -58.9214
26  36 -58.9007
26  37 -55.5458
26  38 -54.7707
26  39 -50.878
26  40 -49.5735
26  41 -45.6923
26  42 -43.1282
26  43 -38.396
26  44 -35.9
26  45 -31
26  46 -28.299
27  20 10.703
27  21 1.639
27  22 -9.576
27  23 -17.195
27  24 -27.274
27  25 -33.916
27  26 -42.6448
27  27 -48.0095
27  28 -54.0276
27  29 -56.0394
27  30 -59.3442
27  31 -59.8459
27  32 -62.2284
27  33 -61.649
27  34 -62.8984
27  35 -61.4315
27  36 -61.8404
27  37 -59.7927
27  38 -59.1699
27  39 -56.1113
27  40 -55.0611
27  41 -51.3504
27  42 -50.0026
27  43 -45.6432
27  44 -43.8734
27  45 -39.3
27  46 -37.036
27  47 -32.248
27  48 -29.5
28  20 18.397
28  21 8.998
28  22 -3.791
28  23 -11.439
28  24 -22.654
28  25 -29.37
28  26 -39.2108
28  27 -45.3356
28  28 -53.9037
28  29 -56.082
28  30 -60.2277
28  31 -61.1557
28  32 -64.4721
28  33 -64.2209
28  34 -66.7461
28  35 -65.5126
28  36 -67.0993
28  37 -65.1261
28  38 -66.0063
28  39 -63.7427
28  40 -63.4638
28  41 -59.9786
28  42 -59.1499
28  43 -55.2038
28  44 -53.9403
28  45 -49.863
28  46 -48.372
28  47 -43.901
28  48 -41.61
28  49 -36.747
28  50 -34.298
29  23 -2.627
29  24 -13.46
29  25 -21.694
29  26 -31.624
29  27 -38.601
29  28 -47.3096
29  29 -51.6621
29  30 -56.3572
29  31 -58.3441
29  32 -61.9836
29  33 -62.7978
29  34 -65.5795
29  35 -65.4242
29  36 -67.2637
29  37 -66.2583
29  38 -67.3188
29  39 -65.567
29  40 -65.7362
29  41 -62.9761
29  42 -62.7111
29  43 -59.783
29  44 -58.9866
29  45 -56.0062
29  46 -54.1198
29  47 -50.976
29  48 -48.577
29  49 -44.749
29  50 -42.327
29  51 -36.449
30  24 -6.567
30  25 -14.923
30  26 -25.728
30  27 -32.8
30  28 -42.2977
30  29 -47.2605
30  30 -54.1878
30  31 -56.3455
30  32 -61.1714
30  33 -62.213
30  34 -66.0036
30  35 -65.9116
30  36 -68.8994
30  37 -67.8804
30  38 -70.0072
30  39 -68.418
30  40 -69.5647
30  41 -67.3269
30  42 -68.1314
30  43 -65.4103
30  44 -65.7089
30  45 -62.469
30  46 -62.1366
30  47 -58.7223
30  48 -57.3426
30  49 -53.42
30  50 -51.8448
30  51 -46.128
30  52 -42.457
30  53 -36.3
31  25 -4.741
31  26 -15.901
31  27 -23.986
31  28 -34.121
31  29 -39.998
31  30 -47.0905
31  31 -52.0004
31  32 -56.5471
31  33 -58.8343
31  34 -62.6572
31  35 -63.7244
31  36 -66.8797
31  37 -67.0861
31  38 -69.3278
31  39 -68.9101
31  40 -70.1402
31  41 -68.5894
31  42 -69.6993
31  43 -68.0496
31  44 -68.4646
31  45 -66.2966
31  46 -65.9923
31  47 -63.7066
31  48 -62.5095
31  49 -59.1352
31  50 -57.9833
31  51 -53.104
31  52 -49.388
31  53 -44.106
31  54 -40.054
31  55 -34.353
32  26 -8.374
32  27 -17
32  28 -27.768
32  29 -33.729
32  30 -42.243
32  31 -46.91
32  32 -54.3499
32  33 -56.4146
32  34 -61.6244
32  35 -62.6578
32  36 -66.9798
32  37 -67.1006
32  38 -70.5631
32  39 -69.9077
32  40 -72.5859
32  41 -71.2975
32  42 -73.4224
32  43 -71.8564
32  44 -73.213
32  45 -71.214
32  46 -71.8622
32  47 -69.4885
32  48 -69.5152
32  49 -66.3033
32  50 -65.624
32  51 -60.901
32  52 -58.246
32  53 -53.067
32  54 -49.844
32  55 -44.237
32  56 -40.138
32  57 -33.692
33  27 -6.399
33  28 -18.052
33  29 -24.964
33  30 -33.823
33  31 -39.521
33  32 -46.981
33  33 -51.5023
33  34 -56.6478
33  35 -58.8992
33  36 -63.0867
33  37 -64.3431
33  38 -67.8943
33  39 -68.2298
33  40 -70.9567
33  41 -70.86
33  42 -73.0324
33  43 -72.2895
33  44 -73.9166
33  45 -72.8174
33  46 -73.6365
33  47 -72.1593
33  48 -72.5333
33  49 -70.324
33  50 -69.8807
33  51 -66.082
33  52 -63.323
33  53 -59.15
33  54 -55.983
33  55 -51.288
33  56 -47.143
33  57 -41.451
33  58 -36.859
33  59 -30.926
34  31 -32.919
34  32 -41.722
34  33 -46.491
34  34 -54.2148
34  35 -56.3015
34  36 -62.0462
34  37 -63.1163
34  38 -67.8944
34  39 -68.2176
34  40 -72.2127
34  41 -72.169
34  42 -75.2521
34  43 -74.5996
34  44 -77.0261
34  45 -75.9176
34  46 -77.7599
34  47 -76.3895
34  48 -77.594
34  49 -75.3407
34  50 -75.9518
34  51 -72.4283
34  52 -70.5406
34  53 -66.5819
34  54 -63.8781
34  55 -59.196
34  56 -55.927
34  57 -50.338
34  58 -46.649
34  59 -40.716
34  60 -36.803
35  32 -32.798
35  33 -38.642
35  34 -46.476
35  35 -51.426
35  36 -57.0633
35  37 -59.0152
35  38 -63.6289
35  39 -65.3061
35  40 -69.139
35  41 -70.2892
35  42 -73.2349
35  43 -73.4523
35  44 -76.0685
35  45 -75.8895
35  46 -77.9748
35  47 -77.4965
35  48 -79.0089
35  49 -77.7993
35  50 -78.6103
35  51 -75.6396
35  52 -73.8569
35  53 -70.7321
35  54 -68.5716
35  55 -64.6198
35  56 -61.5083
35  57 -56.5801
35  58 -53.049
35  59 -47.804
35  60 -43.901
35  61 -38.629
35  62 -34.652
36  33 -32.435
36  34 -41.676
36  35 -46.9233
36  36 -53.9409
36  37 -56.5518
36  38 -62.3315
36  39 -64.3236
36  40 -69.0143
36  41 -70.1694
36  42 -74.1797
36  43 -74.4427
36  44 -77.8925
36  45 -77.694
36  46 -80.5895
36  47 -79.9817
36  48 -82.431
36  49 -81.4803
36  50 -83.2656
36  51 -80.7094
36  52 -79.6921
36  53 -76.7266
36  54 -74.9698
36  55 -71.3103
36  56 -68.785
36  57 -64.0175
36  58 -61.143
36  59 -56.039
36  60 -53.03
36  61 -47.916
36  62 -44.796
36  63 -39.495
36  64 -36.198
37  34 -32.304
37  35 -38.117
37  36 -46.052
37  37 -51.917
37  38 -57.2217
37  39 -60.4798
37  40 -64.8245
37  41 -66.9362
37  42 -70.8034
37  43 -72.1729
37  44 -75.4548
37  45 -76.1882
37  46 -79.0748
37  47 -79.75
37  48 -82.1673
37  49 -82.747
37  50 -84.5978
37  51 -82.609
37  52 -81.7125
37  53 -79.3617
37  54 -77.7453
37  55 -74.772
37  56 -72.6175
37  57 -68.5534
37  58 -65.8539
37  59 -61.2246
37  60 -58.3563
37  61 -54.2216
37  62 -50.8789
37  63 -46.696
37  64 -43.5972
37  65 -38.312
38  35 -31.699
38  36 -40.697
38  37 -46.6217
38  38 -54.2439
38  39 -57.8041
38  40 -63.1739
38  41 -65.4766
38  42 -70.3082
38  43 -71.5277
38  44 -76.0084
38  45 -76.7954
38  46 -80.6438
38  47 -81.1026
38  48 -84.5236
38  49 -84.8804
38  50 -87.9217
38  51 -86.2091
38  52 -85.9416
38  53 -83.6453
38  54 -82.8677
38  55 -80.0846
38  56 -78.8404
38  57 -75.1168
38  58 -72.939
38  59 -68.7881
38  60 -66.6457
38  61 -62.1857
38  62 -60.2193
38  63 -55.4072
38  64 -53.0775
38  65 -47.553
38  66 -44.404
38  67 -38.582
39  37 -38.704
39  38 -46.905
39  39 -52.527
39  40 -58.3566
39  41 -61.2178
39  42 -66.0173
39  43 -68.1924
39  44 -72.3266
39  45 -74.1579
39  46 -77.8421
39  47 -79.2836
39  48 -83.0187
39  49 -84.2991
39  50 -87.7018
39  51 -86.4875
39  52 -86.345
39  53 -84.8133
39  54 -84.2232
39  55 -82.3485
39  56 -81.2071
39  57 -78.3467
39  58 -76.2577
39  59 -72.4674
39  60 -70.2009
39  61 -67.2943
39  62 -64.9122
39  63 -61.8925
39  64 -58.936
39  65 -54.912
39  66 -51.353
39  67 -46.77
39  68 -42.718
39  69 -37.744
40  38 -41.703
40  39 -47.357
40  40 -55.517
40  41 -58.4885
40  42 -64.192
40  43 -66.4586
40  44 -71.492
40  45 -73.1491
40  46 -77.8044
40  47 -79.3482
40  48 -83.6231
40  49 -84.8689
40  50 -88.7673
40  51 -87.8904
40  52 -88.4539
40  53 -87.117
40  54 -87.2668
40  55 -85.6578
40  56 -85.4428
40  57 -82.9466
40  58 -81.2869
40  59 -77.7685
40  60 -76.6043
40  61 -73.4572
40  62 -71.7425
40  63 -68.372
40  64 -66.341
40  65 -62.364
40  66 -59.699
40  67 -55.191
40  68 -52.201
40  69 -47.283
40  70 -43.901
41  40 -47.478
41  41 -52.974
41  42 -58.9586
41  43 -61.879
41  44 -67.1491
41  45 -69.8263
41  46 -74.1832
41  47 -76.0731
41  48 -80.6504
41  49 -82.6563
41  50 -86.6324
41  51 -86.4483
41  52 -87.2083
41  53 -86.3645
41  54 -86.7819
41  55 -85.6037
41  56 -85.6056
41  57 -83.5285
41  58 -82.327
41  59 -79.9393
41  60 -78.9422
41  61 -76.3475
41  62 -75.317
41  63 -72.2237
41  64 -70.8527
41  65 -67.096
41  66 -64.916
41  67 -60.696
41  68 -58.097
41  69 -53.617
41  70 -50.627
41  71 -45.802
41  72 -42.197
42  41 -47.748
42  42 -55.806
42  43 -59.103
42  44 -64.5564
42  45 -67.6949
42  46 -72.7001
42  47 -75.0039
42  48 -80.1673
42  49 -82.2042
42  50 -86.805
42  51 -86.8035
42  52 -88.4097
42  53 -87.7075
42  54 -88.7905
42  55 -87.5404
42  56 -88.1117
42  57 -85.9658
42  58 -86.1843
42  59 -83.5112
42  60 -83.5575
42  61 -80.847
42  62 -80.3287
42  63 -77.3377
42  64 -76.2551
42  65 -72.9429
42  66 -71.303
42  67 -67.245
42  68 -65.456
42  69 -61.097
42  70 -58.833
42  71 -54.138
42  72 -51.307
42  73 -46.305
43  42 -47.665
43  43 -53.207
43  44 -59.122
43  45 -62.71
43  46 -67.844
43  47 -71.2066
43  48 -75.9842
43  49 -78.9346
43  50 -83.6025
43  51 -84.154
43  52 -86.0169
43  53 -85.8173
43  54 -87.2201
43  55 -86.4278
43  56 -87.3231
43  57 -86.0162
43  58 -86.3358
43  59 -84.5657
43  60 -84.597
43  61 -82.4862
43  62 -82.2877
43  63 -79.7751
43  64 -79.1029
43  65 -75.9529
43  66 -74.5357
43  67 -70.9608
43  68 -69.2167
43  69 -65.9996
43  70 -63.724
43  71 -59.727
43  72 -57.11
43  73 -52.751
43  74 -49.854
43  75 -45.196
44  43 -47.339
44  44 -55.647
44  45 -59.513
44  46 -65.307
44  47 -68.658
44  48 -74.408
44  49 -77.2655
44  50 -82.5679
44  51 -83.4498
44  52 -86.0721
44  53 -86.1122
44  54 -88.2245
44  55 -87.617
44  56 -89.219
44  57 -87.9497
44  58 -89.098
44  59 -87.2588
44  60 -88.0889
44  61 -85.9277
44  62 -86.3221
44  63 -83.9229
44  64 -83.6729
44  65 -80.8507
44  66 -79.9818
44  67 -76.6657
44  68 -75.4836
44  69 -72.2027
44  70 -70.532
44  71 -66.4284
44  72 -64.45
44  73 -60.007
44  74 -57.92
44  75 -53.244
44  76 -50.943
45  44 -47.658
45  45 -53.216
45  46 -59.103
45  47 -63.36
45  48 -69.173
45  49 -72.938
45  50 -78.3398
45  51 -79.6794
45  52 -82.5892
45  53 -83.1748
45  54 -85.5744
45  55 -85.5842
45  56 -87.408
45  57 -86.775
45  58 -88.0222
45  59 -86.9498
45  60 -87.8456
45  61 -86.3615
45  62 -86.8633
45  63 -85.0193
45  64 -85.0107
45  65 -82.7759
45  66 -82.3572
45  67 -79.7413
45  68 -78.6827
45  69 -75.6317
45  70 -74.2084
45  71 -70.7358
45  72 -68.949
45  73 -65.139
45  74 -63.239
45  75 -59.234
45  76 -57.082
45  77 -52.9
46  45 -47.403
46  46 -55.498
46  47 -59.699
46  48 -66.35
46  49 -70.151
46  50 -76.2294
46  51 -77.7992
46  52 -81.3
46  53 -82.1877
46  54 -85.2262
46  55 -85.428
46  56 -87.9251
46  57 -87.4791
46  58 -89.39
46  59 -88.4128
46  60 -89.9025
46  61 -88.3676
46  62 -89.5243
46  63 -87.6066
46  64 -88.3492
46  65 -86.0042
46  66 -86.3364
46  67 -83.692
46  68 -83.4967
46  69 -80.403
46  70 -79.9607
46  71 -76.5303
46  72 -75.4656
46  73 -71.623
46  74 -70.1491
46  75 -66.257
46  76 -64.692
46  77 -60.612
46  78 -58.796
47  46 -46.78
47  47 -53.3
47  48 -60.1
47  49 -64.571
47  50 -70.8192
47  51 -73.0606
47  52 -76.7577
47  53 -78.1484
47  54 -81.2242
47  55 -82.2649
47  56 -84.7914
47  57 -85.1114
47  58 -87.068
47  59 -86.9373
47  60 -88.4017
47  61 -87.6018
47  62 -88.7227
47  63 -87.4605
47  64 -88.2207
47  65 -86.6245
47  66 -87.0327
47  67 -84.9488
47  68 -84.987
47  69 -82.5677
47  70 -82.2653
47  71 -79.5656
47  72 -78.5575
47  73 -75.6491
47  74 -74.6611
47  75 -71.231
47  76 -69.955
47  77 -66.471
47  78 -64.804
47  79 -61.013
47  80 -58.898
47  81 -54.8
47  82 -52.452
47  83 -46.157
48  47 -46.696
48  48 -56.104
48  49 -60.603
48  50 -67.6306
48  51 -69.853
48  52 -74.2498
48  53 -75.7477
48  54 -79.6779
48  55 -80.6495
48  56 -83.9747
48  57 -84.3301
48  58 -87.1325
48  59 -86.9848
48  60 -89.2523
48  61 -88.5084
48  62 -90.353
48  63 -89.2575
48  64 -90.5805
48  65 -89.0493
48  66 -90.0209
48  67 -88.0905
48  68 -88.7194
48  69 -86.4253
48  70 -86.7086
48  71 -83.9075
48  72 -83.9741
48  73 -81.0611
48  74 -80.7303
48  75 -77.3112
48  76 -76.7108
48  77 -73.3585
48  78 -72.3274
48  79 -68.5171
48  80 -67.289
48  81 -63.202
48  82 -61.57
48  83 -55.266
48  84 -50.72
49  48 -47.003
49  49 -53.896
49  50 -61.274
49  51 -64.1698
49  52 -68.614
49  53 -70.7095
49  54 -74.5995
49  55 -76.1066
49  56 -79.4811
49  57 -80.6065
49  58 -83.5596
49  59 -84.1156
49  60 -86.4887
49  61 -86.475
49  62 -88.3957
49  63 -87.9961
49  64 -89.3696
49  65 -88.5722
49  66 -89.5366
49  67 -88.25
49  68 -88.945
49  69 -87.2303
49  70 -87.7045
49  71 -85.7351
49  72 -85.8411
49  73 -83.5774
49  74 -83.4262
49  75 -80.8768
49  76 -80.4805
49  77 -77.8134
49  78 -76.9851
49  79 -74.359
49  80 -72.9388
49  81 -69.8899
49  82 -68.1371
49  83 -62.4192
49  84 -57.93
49  85 -52.024
49  86 -47.199
50  49 -47.199
50  50 -56.7798
50  51 -59.56
50  52 -64.9295
50  53 -66.974
50  54 -71.5916
50  55 -73.2625
50  56 -77.4252
50  57 -78.5768
50  58 -82.041
50  59 -82.6392
50  60 -85.8439
50  61 -85.9448
50  62 -88.6613
50  63 -88.333
50  64 -90.5609
50  65 -90.036
50  66 -91.5281
50  67 -90.3999
50  68 -91.6561
50  69 -90.0684
50  70 -91.1051
50  71 -89.2041
50  72 -89.946
50  73 -87.8205
50  74 -88.2368
50  75 -85.8985
50  76 -86.0204
50  77 -83.4991
50  78 -83.3346
50  79 -80.5938
50  80 -80.1389
50  81 -77.3142
50  82 -76.5542
50  83 -70.9526
50  84 -66.7958
50  85 -60.799
50  86 -56.504
50  87 -50.31
51  52 -56.178
51  53 -59.176
51  54 -63.8201
51  55 -66.33
51  56 -70.654
51  57 -72.507
51  58 -76.2592
51  59 -77.544
51  60 -80.8881
51  61 -81.6007
51  62 -84.4197
51  63 -84.5154
51  64 -87.0034
51  65 -86.8212
51  66 -88.6448
51  67 -87.9994
51  68 -89.4774
51  69 -88.4245
51  70 -89.5951
51  71 -88.3302
51  72 -89.2241
51  73 -87.6203
51  74 -88.2555
51  75 -86.3984
51  76 -86.7001
51  77 -84.6085
51  78 -84.6277
51  79 -82.2916
51  80 -81.988
51  81 -79.6736
51  82 -78.9426
51  83 -74.1658
51  84 -69.7076
51  85 -64.879
51  86 -60.258
51  87 -55.154
51  88 -50.319
52  53 -52.499
52  54 -58.2144
52  55 -60.541
52  56 -65.7219
52  57 -67.612
52  58 -72.2771
52  59 -73.4849
52  60 -77.3013
52  61 -78.347
52  62 -81.8886
52  63 -82.0628
52  64 -85.269
52  65 -85.0969
52  66 -87.721
52  67 -87.1844
52  68 -89.4046
52  69 -88.5511
52  70 -90.314
52  71 -89.1719
52  72 -90.5246
52  73 -89.0222
52  74 -90.0646
52  75 -88.2811
52  76 -88.9921
52  77 -87.0032
52  78 -87.3514
52  79 -85.2095
52  80 -85.1822
52  81 -82.9446
52  82 -82.5595
52  83 -77.8276
52  84 -74.4252
52  85 -69.5612
52  86 -65.931
52  87 -60.799
52  88 -56.961
52  89 -51.558
52  90 -47.432
53  55 -52.652
53  56 -57.6134
53  57 -60.321
53  58 -64.947
53  59 -67.096
53  60 -71.1283
53  61 -72.796
53  62 -76.3378
53  63 -77.4923
53  64 -80.4345
53  65 -80.971
53  66 -83.7655
53  67 -83.7896
53  68 -86.2873
53  69 -86.08
53  70 -87.9433
53  71 -87.365
53  72 -88.8364
53  73 -87.9105
53  74 -88.9831
53  75 -87.7379
53  76 -88.5034
53  77 -86.9324
53  78 -87.4444
53  79 -85.6999
53  80 -85.8866
53  81 -84.0725
53  82 -83.7896
53  83 -79.4993
53  84 -76.5028
53  85 -72.3309
53  86 -68.8379
53  87 -64.273
53  88 -60.519
53  89 -55.722
53  90 -51.642
53  91 -46.584
54  56 -51.9046
54  57 -54.397
54  58 -59.9667
54  59 -62.0923
54  60 -67.0859
54  61 -68.6568
54  62 -73.0467
54  63 -74.1854
54  64 -78.0791
54  65 -78.7944
54  66 -82.1724
54  67 -82.4728
54  68 -85.355
54  69 -85.2486
54  70 -87.6601
54  71 -87.1921
54  72 -89.1685
54  73 -88.3208
54  74 -89.86
54  75 -88.6974
54  76 -89.8817
54  77 -88.4152
54  78 -89.2805
54  79 -87.6436
54  80 -88.1245
54  81 -86.417
54  82 -86.4251
54  83 -82.3793
54  84 -80.1509
54  85 -75.6439
54  86 -72.991
54  87 -68.3269
54  88 -65.4751
54  89 -60.445
54  90 -57.278
54  91 -52.098
54  92 -48.671
54  93 -43.259
55  57 -46.294
55  58 -51.7042
55  59 -54.539
55  60 -59.699
55  61 -62.068
55  62 -66.4428
55  63 -68.4094
55  64 -72.3051
55  65 -73.8887
55  66 -77.1005
55  67 -78.1398
55  68 -81.0437
55  69 -81.7313
55  70 -84.0876
55  71 -84.3449
55  72 -86.24
55  73 -85.9314
55  74 -87.5004
55  75 -86.9004
55  76 -88.0598
55  77 -87.1559
55  78 -88.071
55  79 -86.8912
55  80 -87.5819
55  81 -86.3387
55  82 -86.5456
55  83 -82.8874
55  84 -80.7009
55  85 -77.051
55  86 -74.4769
55  87 -70.5151
55  88 -67.6714
55  89 -63.2699
55  90 -60.057
55  91 -55.62
55  92 -52.0193
55  93 -47.303
55  94 -43.845
55  95 -38.964
55  96 -35.22
56  58 -45.9456
56  59 -49.025
56  60 -54.604
56  61 -57.288
56  62 -62.373
56  63 -64.5901
56  64 -68.8887
56  65 -70.7428
56  66 -74.6089
56  67 -75.655
56  68 -79.0898
56  69 -79.668
56  70 -82.6699
56  71 -82.8156
56  72 -85.4015
56  73 -85.0646
56  74 -87.2616
56  75 -86.6838
56  76 -88.4348
56  77 -87.5535
56  78 -88.9499
56  79 -87.8505
56  80 -88.8869
56  81 -87.7212
56  82 -88.2616
56  83 -84.9137
56  84 -83.2714
56  85 -79.7256
56  86 -77.8232
56  87 -73.9357
56  88 -71.769
56  89 -67.415
56  90 -65.0001
56  91 -60.598
56  92 -58.0134
56  93 -53.486
56  94 -50.599
56  95 -45.82
56  96 -42.597
56  97 -37.623
57  60 -46.512
57  61 -49.621
57  62 -54.967
57  63 -57.687
57  64 -62.401
57  65 -64.543
57  66 -68.707
57  67 -70.2586
57  68 -73.7594
57  69 -74.9735
57  70 -77.8958
57  71 -78.6319
57  72 -81.3261
57  73 -81.628
57  74 -83.7693
57  75 -83.7402
57  76 -85.4944
57  77 -85.2187
57  78 -86.6505
57  79 -86.0369
57  80 -87.1007
57  81 -86.5247
57  82 -87.2314
57  83 -84.321
57  84 -82.9382
57  85 -80.0348
57  86 -78.1871
57  87 -74.8924
57  88 -72.9868
57  89 -69.1229
57  90 -66.8484
57  91 -63.1284
57  92 -60.795
57  93 -57.035
57  94 -54.287
57  95 -50.068
57  96 -46.929
57  97 -42.383
57  98 -38.797
58  61 -44.004
58  62 -49.705
58  63 -52.704
58  64 -57.836
58  65 -60.175
58  66 -64.823
58  67 -66.658
58  68 -70.8206
58  69 -71.9756
58  70 -75.5339
58  71 -76.2875
58  72 -79.4229
58  73 -79.7154
58  74 -82.474
58  75 -82.4232
58  76 -84.836
58  77 -84.6249
58  78 -86.4683
58  79 -85.8786
58  80 -87.5685
58  81 -86.9525
58  82 -88.0833
58  83 -85.4401
58  84 -84.5385
58  85 -81.612
58  86 -80.437
58  87 -77.0968
58  88 -75.6755
58  89 -72.0287
58  90 -70.3908
58  91 -66.6951
58  92 -64.8237
58  93 -61.5008
58  94 -59.113
58  95 -55.349
58  96 -52.704
58  97 -48.4
58  98 -45.401
58  99 -40.669
59  62 -41.579
59  63 -44.889
59  64 -50.338
59  65 -53.132
59  66 -57.911
59  67 -60.258
59  68 -64.431
59  69 -66.3308
59  70 -69.7736
59  71 -71.1755
59  72 -74.2783
59  73 -75.2135
59  74 -77.9376
59  75 -78.514
59  76 -80.9359
59  77 -81.3272
59  78 -83.1773
59  79 -83.1315
59  80 -84.8233
59  81 -84.6953
59  82 -86.0209
59  83 -83.7927
59  84 -83.0735
59  85 -80.7556
59  86 -79.6318
59  87 -76.7138
59  88 -75.4548
59  89 -72.5308
59  90 -71.0565
59  91 -68.3037
59  92 -66.7708
59  93 -63.8081
59  94 -61.6287
59  95 -58.2015
59  96 -55.778
59  97 -51.912
59  98 -48.969
59  99 -44.73
59 100 -41.451
60  64 -44.497
60  65 -47.618
60  66 -52.89
60  67 -55.424
60  68 -60.184
60  69 -62.235
60  70 -66.5962
60  71 -67.769
60  72 -71.4258
60  73 -72.3324
60  74 -75.6465
60  75 -76.2138
60  76 -79.1993
60  77 -79.5802
60  78 -82.0181
60  79 -81.9917
60  80 -84.2518
60  81 -84.1979
60  82 -85.9552
60  83 -84.0074
60  84 -83.7532
60  85 -81.4371
60  86 -80.9311
60  87 -78.1519
60  88 -77.4134
60  89 -74.3809
60  90 -73.6897
60  91 -70.9529
60  92 -70.1581
60  93 -67.3487
60  94 -65.6915
60  95 -62.473
60  96 -60.5302
60  97 -56.793
60  98 -54.399
60  99 -50.217
60 100 -47.422
60 101 -42.961
61  65 -39.57
61  66 -45.056
61  67 -48.046
61  68 -52.946
61  69 -55.47
61  70 -59.737
61  71 -61.711
61  72 -65.4076
61  73 -66.7388
61  74 -69.9776
61  75 -71.198
61  76 -74.0729
61  77 -74.9403
61  78 -77.4965
61  79 -78.2066
61  80 -80.5229
61  81 -81.1569
61  82 -82.9657
61  83 -81.4211
61  84 -81.2738
61  85 -79.4599
61  86 -79.0479
61  87 -76.8719
61  88 -76.0712
61  89 -73.6033
61  90 -73.3952
61  91 -71.2623
61  92 -70.6847
61  93 -68.4984
61  94 -66.9732
61  95 -64.2202
61  96 -62.3734
61  97 -59.0927
61  98 -56.849
61  99 -53.104
61 100 -50.431
61 101 -46.305
61 102 -43.147
62  66 -39.048
62  67 -42.253
62  68 -47.581
62  69 -50.198
62  70 -55.247
62  71 -57.129
62  72 -61.507
62  73 -62.8572
62  74 -66.8109
62  75 -68.0254
62  76 -71.4978
62  77 -72.3802
62  78 -75.456
62  79 -75.9387
62  80 -78.9929
62  81 -79.5232
62  82 -81.972
62  83 -80.6577
62  84 -81.0019
62  85 -79.2721
62  86 -79.3422
62  87 -77.1419
62  88 -77.0573
62  89 -74.5825
62  90 -74.7688
62  91 -72.5658
62  92 -72.4616
62  93 -70.1972
62  94 -69.3703
62  95 -66.7334
62  96 -65.2127
62  97 -62.2133
62  98 -60.417
62  99 -56.979
62 100 -54.753
62 101 -50.897
62 102 -48.177
62 103 -43.799
63  67 -33.936
63  68 -39.353
63  69 -42.504
63  70 -47.283
63  71 -49.826
63  72 -54.194
63  73 -56.262
63  74 -60.016
63  75 -61.7497
63  76 -65.3981
63  77 -66.986
63  78 -69.9266
63  79 -71.3199
63  80 -74.2424
63  81 -75.6216
63  82 -77.9984
63  83 -77.1223
63  84 -77.5505
63  85 -76.3025
63  86 -76.4466
63  87 -74.7973
63  88 -74.6591
63  89 -72.8945
63  90 -73.3735
63  91 -71.7444
63  92 -71.8245
63  93 -70.0928
63  94 -69.4674
63  95 -67.2117
63  96 -66.0533
63  97 -63.369
63  98 -61.777
63  99 -58.647
63 100 -56.626
63 101 -53.104
63 102 -50.561
63 103 -46.603
63 104 -43.585
64  70 -41.573
64  71 -44.181
64  72 -49.052
64  73 -51.214
64  74 -55.778
64  75 -57.529
64  76 -61.7823
64  77 -63.2242
64  78 -66.9595
64  79 -68.2324
64  80 -71.7595
64  81 -72.9274
64  82 -76.0932
64  83 -75.3631
64  84 -76.2758
64  85 -75.1335
64  86 -75.7688
64  87 -74.1949
64  88 -74.7142
64  89 -72.8898
64  90 -73.7132
64  91 -72.0771
64  92 -72.5422
64  93 -70.8307
64  94 -70.6968
64  95 -68.5685
64  96 -67.9486
64  97 -65.5127
64  98 -64.2873
64  99 -61.488
64 100 -59.746
64 101 -56.467
64 102 -54.399
64 103 -50.701
64 104 -48.102
64 105 -43.901
65  71 -35.974
65  72 -41.004
65  73 -43.631
65  74 -48.168
65  75 -50.4823
65  76 -54.5408
65  77 -57.06
65  78 -60.4344
65  79 -62.3682
65  80 -65.8808
65  81 -67.7694
65  82 -70.752
65  83 -70.5405
65  84 -71.496
65  85 -71.1105
65  86 -71.6295
65  87 -70.7242
65  88 -71.3202
65  89 -70.162
65  90 -71.2544
65  91 -70.0975
65  92 -70.7706
65  93 -69.4772
65  94 -69.539
65  95 -67.8429
65  96 -67.4682
65  97 -65.6813
65  98 -64.6014
65  99 -62.0833
65 100 -60.659
65 101 -57.7601
65 102 -55.843
65 103 -52.499
65 104 -50.096
65 105 -46.342
65 106 -43.501
66  72 -34.94
66  73 -37.688
66  74 -42.839
66  75 -45.317
66  76 -49.96
66  77 -52.322
66  78 -56.5845
66  79 -58.2882
66  80 -62.5541
66  81 -64.1879
66  82 -67.8595
66  83 -67.7152
66  84 -69.317
66  85 -68.7586
66  86 -70.1245
66  87 -69.1498
66  88 -70.3982
66  89 -69.1599
66  90 -70.5298
66  91 -69.4279
66  92 -70.4121
66  93 -69.1735
66  94 -69.6781
66  95 -68.0611
66  96 -68.1868
66  97 -66.3865
66  98 -65.9733
66  99 -63.6179
66 100 -62.5901
66 101 -59.9366
66 102 -58.5642
66 103 -55.6031
66 104 -53.663
66 105 -50.114
66 106 -47.73
66 107 -43.78
67  73 -29.305
67  74 -34.374
67  75 -37.474
67  76 -42.281
67  77 -45.196
67  78 -49.183
67  79 -51.568
67  80 -55.8375
67  81 -58.0153
67  82 -61.6884
67  83 -61.9479
67  84 -63.6321
67  85 -63.6083
67  86 -65.0194
67  87 -64.6442
67  88 -66.0397
67  89 -65.3546
67  90 -66.8289
67  91 -66.191
67  92 -67.3359
67  93 -66.3881
67  94 -67.2028
67  95 -66.0471
67  96 -66.3839
67  97 -64.9871
67  98 -64.9046
67  99 -63.0769
67 100 -62.2866
67 101 -60.0667
67 102 -58.8031
67 103 -56.2446
67 104 -54.5249
67 105 -51.4
67 106 -49.099
67 107 -45.503
67 108 -42.802
68  75 -31.354
68  76 -36.906
68  77 -39.691
68  78 -44.712
68  79 -47.05
68  80 -51.651
68  81 -53.7416
68  82 -57.8329
68  83 -58.266
68  84 -60.5002
68  85 -60.488
68  86 -62.6122
68  87 -62.2155
68  88 -64.2128
68  89 -63.4198
68  90 -65.3038
68  91 -64.5674
68  92 -66.0585
68  93 -65.2089
68  94 -66.3426
68  95 -65.1741
68  96 -65.9496
68  97 -64.5283
68  98 -64.9316
68  99 -63.2967
68 100 -62.9967
68 101 -60.9287
68 102 -60.1146
68 103 -57.7249
68 104 -56.4894
68 105 -53.654
68 106 -51.949
68 107 -48.652
68 108 -46.5
68 109 -42.802
69  76 -27.877
69  77 -31.275
69  78 -36.365
69  79 -39.272
69  80 -44.041
69  81 -46.612
69  82 -50.7818
69  83 -51.7706
69  84 -54.0154
69  85 -54.4292
69  86 -56.6353
69  87 -56.8398
69  88 -58.7093
69  89 -58.7032
69  90 -60.5704
69  91 -60.3023
69  92 -61.8987
69  93 -61.4836
69  94 -62.7351
69  95 -61.8885
69  96 -62.9359
69  97 -61.8939
69  98 -62.5483
69  99 -61.3177
69 100 -61.28
69 101 -59.8006
69 102 -59.2156
69 103 -57.38
69 104 -56.2589
69 105 -53.8696
69 106 -52.3156
69 107 -49.3741
69 108 -47.469
69 109 -44.116
69 110 -41.601
70  78 -30.348
70  79 -33.497
70  80 -38.732
70  81 -41.5439
70  82 -46.3056
70  83 -47.059
70  84 -49.9337
70  85 -50.5034
70  86 -53.2645
70  87 -53.4418
70  88 -56.0148
70  89 -55.843
70  90 -58.1696
70  91 -57.8442
70  92 -59.8315
70  93 -59.3042
70  94 -61.0227
70  95 -60.2872
70  96 -61.5885
70  97 -60.5941
70  98 -61.5746
70  99 -60.3703
70 100 -60.769
70 101 -59.3121
70 102 -59.2603
70 103 -57.5563
70 104 -56.9496
70 105 -54.7006
70 106 -53.4941
70 107 -50.9892
70 108 -49.6983
70 109 -46.416
70 110 -44.404
70 111 -40.846
71  79 -24.938
71  80 -30.202
71  81 -33.422
71  82 -38.408
71  83 -39.568
71  84 -42.5542
71  85 -43.7499
71  86 -46.4831
71  87 -47.2144
71  88 -49.715
71  89 -50.2699
71  90 -52.5623
71  91 -52.8369
71  92 -54.7914
71  93 -54.6424
71  94 -56.4423
71  95 -56.021
71  96 -57.5011
71  97 -57.0642
71  98 -58.0773
71  99 -57.3102
71 100 -57.8335
71 101 -56.7413
71 102 -56.8858
71 103 -55.5753
71 104 -55.1707
71 105 -53.3874
71 106 -52.389
71 107 -50.343
71 108 -49.0642
71 109 -46.6854
71 110 -44.74
71 111 -41.88
71 112 -39.523
71 113 -36.412
72  81 -27.302
72  82 -32.733
72  83 -34.102
72  84 -37.8522
72  85 -38.754
72  86 -42.1041
72  87 -42.8535
72  88 -45.9372
72  89 -46.3187
72  90 -49.1731
72  91 -49.2863
72  92 -51.8215
72  93 -51.6355
72  94 -53.859
72  95 -53.4678
72  96 -55.3606
72  97 -54.7169
72  98 -56.2539
72  99 -55.4313
72 100 -56.4035
72 101 -55.4118
72 102 -55.8466
72 103 -54.4838
72 104 -54.5775
72 105 -52.8896
72 106 -52.4443
72 107 -50.4719
72 108 -49.7884
72 109 -47.4119
72 110 -46.0586
72 111 -43.2861
72 112 -41.5013
72 113 -38.359
72 114 -36.431
72 115 -32.984
72 116 -30.879
73  82 -23.668
73  83 -25.799
73  84 -29.6285
73  85 -31.019
73  86 -34.4483
73  87 -35.8755
73  88 -38.734
73  89 -39.7824
73  90 -42.5411
73  91 -43.2828
73  92 -45.8551
73  93 -46.0978
73  94 -48.3511
73  95 -48.3939
73  96 -50.2904
73  97 -50.1377
73  98 -51.7203
73  99 -51.33
73 100 -52.3965
73 101 -51.7408
73 102 -52.4086
73 103 -51.3654
73 104 -51.7236
73 105 -50.5073
73 106 -50.3663
73 107 -48.9362
73 108 -48.4416
73 109 -46.4333
73 110 -45.2961
73 111 -42.8413
73 112 -41.3962
73 113 -38.6085
73 114 -36.766
73 115 -33.813
73 116 -31.829
73 117 -28.662
74  84 -23.695
74  85 -25.227
74  86 -29.3618
74  87 -30.407
74  88 -34.0019
74  89 -34.9091
74  90 -38.2337
74  91 -38.862
74  92 -41.8918
74  93 -42.0886
74  94 -44.8902
74  95 -44.9178
74  96 -47.2934
74  97 -47.0861
74  98 -49.0972
74  99 -48.7274
74 100 -50.2271
74 101 -49.6328
74 102 -50.6416
74 103 -49.7017
74 104 -50.416
74 105 -49.3036
74 106 -49.6445
74 107 -48.254
74 108 -48.2475
74 109 -46.367
74 110 -45.7073
74 111 -43.3897
74 112 -42.5095
74 113 -39.9048
74 114 -38.6671
74 115 -35.4779
74 116 -34.2963
74 117 -31.112
74 118 -29.649
75  85 -16.66
75  86 -20.8756
75  87 -22.354
75  88 -26.0068
75  89 -27.644
75  90 -30.6568
75  91 -31.85
75  92 -34.837
75  93 -35.7949
75  94 -38.3858
75  95 -38.9178
75  96 -41.2503
75  97 -41.5232
75  98 -43.5539
75  99 -43.6731
75 100 -45.2883
75 101 -45.0629
75 102 -46.2692
75 103 -45.6535
75 104 -46.5862
75 105 -45.8397
75 106 -46.5114
75 107 -45.4475
75 108 -45.811
75 109 -44.2266
75 110 -43.8222
75 111 -41.9302
75 112 -41.2157
75 113 -39.0162
75 114 -37.9779
75 115 -35.5663
75 116 -34.3486
75 117 -31.708
75 118 -30.302
75 119 -27.554
76  86 -14.503
76  87 -16.124
76  88 -20.4597
76  89 -21.646
76  90 -25.4384
76  91 -26.5029
76  92 -29.9907
76  93 -30.7214
76  94 -33.9278
76  95 -34.2931
76  96 -37.2381
76  97 -37.4382
76  98 -39.9963
76  99 -40.1047
76 100 -42.0979
76 101 -41.9495
76 102 -43.5462
76 103 -43.0201
76 104 -44.3589
76 105 -43.5529
76 106 -44.6091
76 107 -43.6628
76 108 -44.2561
76 109 -42.8094
76 110 -42.9995
76 111 -41.2182
76 112 -41.1364
76 113 -38.9854
76 114 -38.7063
76 115 -36.3937
76 116 -35.8805
76 117 -33.3926
76 118 -32.4327
76 119 -29.6898
76 120 -28.2808
77  87 -7.265
77  88 -11.625
77  89 -13.205
77  90 -17.0788
77  91 -18.741
77  92 -22.0811
77  93 -23.32
77  94 -26.4302
77  95 -27.52
77  96 -30.2719
77  97 -30.8687
77  98 -33.4286
77  99 -33.861
77 100 -36.0474
77 101 -36.2519
77 102 -38.0774
77 103 -37.9775
77 104 -39.4718
77 105 -39.0517
77 106 -40.1973
77 107 -39.6109
77 108 -40.3356
77 109 -39.173
77 110 -39.7158
77 111 -38.3281
77 112 -38.4531
77 113 -36.7512
77 114 -36.7064
77 115 -34.8332
77 116 -34.5338
77 117 -32.5293
77 118 -31.6898
77 119 -29.4384
77 120 -28.2678
77 121 -25.821
77 122 -24.4009
78  88 -4.792
78  89 -6.54
78  90 -11.0375
78  91 -12.375
78  92 -16.3055
78  93 -17.4706
78  94 -21.101
78  95 -21.9416
78  96 -25.3192
78  97 -25.6901
78  98 -28.9279
78  99 -29.3705
78 100 -31.998
78 101 -32.2638
78 102 -34.436
78 103 -34.3747
78 104 -36.1693
78 105 -35.7724
78 106 -37.3322
78 107 -36.6832
78 108 -37.8645
78 109 -36.713
78 110 -37.8229
78 111 -36.4832
78 112 -37.3234
78 113 -35.698
78 114 -36.2929
78 115 -34.477
78 116 -34.7631
78 117 -32.7968
78 118 -32.6474
78 119 -30.4224
78 120 -29.9077
78 121 -27.3924
78 122 -26.6028
78 123 -23.7411
78 124 -22.598
79  90 -1.788
79  91 -3.612
79  92 -7.56477
79  93 -9.282
79  94 -12.8198
79  95 -14.195
79  96 -17.4431
79  97 -18.537
79  98 -21.5502
79  99 -22.3261
79 100 -24.9521
79 101 -25.5964
79 102 -27.8712
79 103 -28.3008
79 104 -30.1869
79 105 -30.3187
79 106 -31.867
79 107 -31.7149
79 108 -33.0051
79 109 -32.3008
79 110 -33.582
79 111 -32.8814
79 112 -33.8093
79 113 -32.7765
79 114 -33.3943
79 115 -32.2621
79 116 -32.57
79 117 -31.14
79 118 -31.1411
79 119 -29.5821
79 120 -29.095
79 121 -27.2689
79 122 -26.4011
79 123 -24.3997
79 124 -23.1434
79 125 -20.75
79 126 -18.751
80  91 3.502
80  92 -1.08735
80  93 -2.569
80  94 -6.64743
80  95 -7.98917
80  96 -11.7791
80  97 -12.7809
80  98 -16.3168
80  99 -16.9216
80 100 -20.2447
80 101 -20.6612
80 102 -23.5761
80 103 -23.7998
80 104 -26.3491
80 105 -26.1758
80 106 -28.5393
80 107 -28.1179
80 108 -30.2018
80 109 -29.6308
80 110 -31.3704
80 111 -30.593
80 112 -32.0114
80 113 -31.051
80 114 -32.193
80 115 -31
80 116 -31.8267
80 117 -30.541
80 118 -30.9544
80 119 -29.5471
80 120 -29.5041
80 121 -27.6633
80 122 -27.3459
80 123 -25.2691
80 124 -24.6902
80 125 -22.2875
80 126 -20.9455
80 127 -16.2187
80 128 -13.097
80 129 -8.346
80 130 -5.114
81  95 0.55
81  96 -3.32796
81  97 -4.754
81  98 -8.30047
81  99 -9.403
81 100 -12.8011
81 101 -13.351
81 102 -16.5873
81 103 -16.8851
81 104 -19.7558
81 105 -20.1901
81 106 -22.4435
81 107 -22.3467
81 108 -24.6022
81 109 -24.3333
81 110 -26.281
81 111 -25.8722
81 112 -27.3189
81 113 -26.827
81 114 -28.155
81 115 -27.4966
81 116 -28.3412
81 117 -27.4944
81 118 -28.0594
81 119 -27.0481
81 120 -27.182
81 121 -25.9833
81 122 -25.7612
81 123 -24.346
81 124 -23.8206
81 125 -22.2531
81 126 -21.0337
81 127 -16.7495
81 128 -13.638
81 129 -9.2463
81 130 -6.076
81 131 -1.651
82  96 3.5678
82  97 2.003
82  98 -1.93921
82  99 -3.14476
82 100 -6.82614
82 101 -7.56873
82 102 -11.0453
82 103 -11.5413
82 104 -14.6813
82 105 -14.9799
82 106 -17.8154
82 107 -17.8782
82 108 -20.4169
82 109 -20.246
82 110 -22.556
82 111 -22.1945
82 112 -24.2076
82 113 -23.7139
82 114 -25.3608
82 115 -24.7487
82 116 -26.0502
82 117 -25.228
82 118 -26.2433
82 119 -25.2579
82 120 -25.9336
82 121 -24.7866
82 122 -25.1097
82 123 -23.7701
82 124 -23.7854
82 125 -22.4519
82 126 -21.7485
82 127 -17.6144
82 128 -14.7283
82 129 -10.4915
82 130 -7.54739
82 131 -3.18431
82 132 -0.181261
82 133 4.477
83 101 1.047
83 102 -2.213
83 103 -3.16929
83 104 -6.37344
83 105 -7.20496
83 106 -10.0611
83 107 -10.903
83 108 -13.2401
83 109 -13.5458
83 110 -15.8729
83 111 -15.9901
83 112 -18.0237
83 113 -18.009
83 114 -19.6876
83 115 -19.3695
83 116 -20.7984
83 117 -20.3701
83 118 -21.4159
83 119 -20.7329
83 120 -21.5399
83 121 -20.6673
83 122 -21.0617
83 123 -20.0279
83 124 -20.0544
83 125 -18.87
83 126 -18.2585
83 127 -14.7918
83 128 -11.8584
83 129 -8.1173
83 130 -5.23065
83 131 -1.20019
83 132 1.64854
83 133 5.87395
83 134 8.821
83 135 13.335
84 104 -0.538359
84 105 -1.41535
84 106 -4.56322
84 107 -5.05383
84 108 -8.07126
84 109 -8.3599
84 110 -11.005
84 111 -11.0748
84 112 -13.4745
84 113 -13.358
84 114 -15.4734
84 115 -15.215
84 116 -16.9545
84 117 -16.5249
84 118 -17.9242
84 119 -17.3071
84 120 -18.3336
84 121 -17.509
84 122 -18.1817
84 123 -17.1458
84 124 -17.4695
84 125 -16.3659
84 126 -15.9531
84 127 -12.4325
84 128 -10.3694
84 129 -6.6534
84 130 -4.46991
84 131 -0.540277
84 132 1.78384
84 133 5.90083
84 134 8.35833
84 135 12.802
84 136 15.465
85 108 -0.14614
85 109 -1.18757
85 110 -3.47624
85 111 -3.92338
85 112 -6.3442
85 113 -6.6721
85 114 -8.81915
85 115 -8.98774
85 116 -10.7895
85 117 -10.5909
85 118 -12.1635
85 119 -11.8753
85 120 -12.9715
85 121 -12.4196
85 122 -13.2426
85 123 -12.4914
85 124 -12.8796
85 125 -11.9718
85 126 -11.6471
85 127 -8.62119
85 128 -6.57947
85 129 -3.37971
85 130 -1.25512
85 131 2.25725
85 132 4.39556
85 133 8.09872
85 134 10.397
85 135 14.3522
85 136 16.813
85 137 20.8
85 138 23.464
86 109 5.06518
86 110 1.97032
86 111 1.47581
86 112 -1.23082
86 113 -1.51806
86 114 -4.00608
86 115 -4.07218
86 116 -6.27502
86 117 -6.16026
86 118 -7.98408
86 119 -7.71389
86 120 -9.1155
86 121 -8.63101
86 122 -9.64798
86 123 -8.92861
86 124 -9.59791
86 125 -8.75556
86 126 -8.65961
86 127 -5.69826
86 128 -4.31975
86 129 -1.16857
86 130 0.255574
86 131 3.65861
86 132 5.21754
86 133 8.83075
86 134 10.6134
86 135 14.4724
86 136 16.3736
86 137 20.297
86 138 22.44
86 139 26.492
86 140 28.774
86 141 32.981
86 142 35.384
87 112 6.76092
87 113 6.12223
87 114 3.59637
87 115 3.14179
87 116 0.861303
87 117 0.608456
87 118 -1.30972
87 119 -1.24255
87 120 -2.8416
87 121 -2.66521
87 122 -3.76924
87 123 -3.34617
87 124 -4.15768
87 125 -3.53759
87 126 -3.54985
87 127 -0.958372
87 128 0.318103
87 129 2.97891
87 130 4.31463
87 131 7.05916
87 132 8.61832
87 133 11.4829
87 134 13.2782
87 135 16.3493
87 136 18.3838
87 137 21.6572
87 138 23.814
87 139 27.3731
87 140 29.655
87 141 33.282
87 142 35.8162
87 143 39.598
87 144 42.328
87 145 46.363
88 114 9.21311
88 115 8.63646
88 116 6.0544
88 117 5.83914
88 118 3.56508
88 119 3.53791
88 120 1.71389
88 121 1.85495
88 122 0.461069
88 123 0.83647
88 124 -0.191422
88 125 0.357656
88 126 0.100503
88 127 2.53351
88 128 3.291
88 129 5.88735
88 130 6.65108
88 131 9.39419
88 132 10.2729
88 133 12.9639
88 134 14.3213
88 135 17.2347
88 136 18.8272
88 137 21.994
88 138 23.6691
88 139 27.179
88 140 28.9418
88 141 32.5628
88 142 34.5178
88 143 38.396
88 144 40.649
88 145 44.767
88 146 47.23
89 117 13.5113
89 118 11.1311
89 119 10.7602
89 120 8.84441
89 121 8.78957
89 122 7.20495
89 123 7.27853
89 124 6.15498
89 125 6.42898
89 126 6.01151
89 127 8.1227
89 128 8.7066
89 129 10.8439
89 130 11.5695
89 131 13.7516
89 132 14.5232
89 133 16.6214
89 134 17.8264
89 135 20.2347
89 136 21.6382
89 137 24.3102
89 138 25.8509
89 139 28.896
89 140 30.7535
89 141 33.8078
89 142 35.9173
89 143 39.1483
89 144 41.498
89 145 45.103
89 146 47.722
89 147 51.508
90 119 16.5021
90 120 14.0426
90 121 13.9057
90 122 12.0911
90 123 12.1189
90 124 10.712
90 125 10.9267
90 126 10.3043
90 127 12.2159
90 128 12.3744
90 129 14.4725
90 130 14.6689
90 131 16.938
90 132 17.2029
90 133 19.3857
90 134 19.9963
90 135 22.3102
90 136 23.1971
90 137 25.8062
90 138 26.7722
90 139 29.5865
90 140 30.864
90 141 33.8173
90 142 35.4483
90 143 38.7332
90 144 40.6143
90 145 44.2553
90 146 46.454
90 147 50.202
90 148 52.625
91 121 21.6145
91 122 19.6632
91 123 19.4854
91 124 17.8715
91 125 17.8004
91 126 17.0687
91 127 18.6689
91 128 18.521
91 129 20.3767
91 130 20.3792
91 131 22.116
91 132 22.3207
91 133 23.8702
91 134 24.3406
91 135 26.0332
91 136 26.8318
91 137 28.9242
91 138 29.898
91 139 32.1745
91 140 33.4257
91 141 35.9478
91 142 37.4901
91 143 40.3412
91 144 42.3305
91 145 45.3463
91 146 47.6419
91 147 50.7689
91 148 53.337
91 149 56.803
92 125 22.6994
92 126 21.9233
92 127 23.212
92 128 23.029
92 129 24.591
92 130 24.299
92 131 25.8383
92 132 25.7137
92 133 27.3773
92 134 27.3288
92 135 29.022
92 136 29.2247
92 137 31.2106
92 138 31.6147
92 139 33.8074
92 140 34.6107
92 141 36.92
92 142 38.1466
92 143 40.9205
92 144 42.4463
92 145 45.3919
92 146 47.3089
92 147 50.5739
92 148 52.7151
92 149 56.197
92 150 58.62
93 132 31.5906
93 133 32.738
93 134 32.562
93 135 33.701
93 136 33.7795
93 137 35.2362
93 138 35.6251
93 139 37.361
93 140 37.9496
93 141 39.9565
93 142 41.0447
93 143 43.3793
93 144 44.8733
93 145 47.4563
93 146 49.3124
93 147 52.3147
93 148 54.2618
93 149 57.4184
93 150 59.875
93 151 63.202
94 134 36.0882
94 135 37.3997
94 136 36.9336
94 137 38.2854
94 138 38.3655
94 139 40.0518
94 140 40.3496
94 141 42.1837
94 142 42.9027
94 143 45.0933
94 144 46.1647
94 145 48.5899
94 146 50.127
94 147 52.9568
94 148 54.7184
94 149 57.7555
94 150 59.8056
94 151 63.1061
94 152 65.3952
94 153 68.996
95 136 42.439
95 137 43.398
95 138 43.173
95 139 44.534
95 140 44.662
95 141 46.183
95 142 46.571
95 143 48.4231
95 144 49.392
95 145 51.5118
95 146 52.936
95 147 55.4697
95 148 57.1761
95 149 59.881
95 150 61.8997
95 151 64.9946
95 152 67.154
95 153 70.562
95 154 73.104
96 137 47.2931
96 138 46.7236
96 139 47.91
96 140 47.89
96 141 49.277
96 142 49.3959
96 143 51.192
96 144 51.7254
96 145 53.7034
96 146 54.8052
96 147 57.1836
96 148 58.4537
96 149 61.0047
96 150 62.6184
96 151 65.5339
96 152 67.3922
96 153 70.7502
96 154 72.989
96 155 76.6476
96 156 79.056
97 138 52.704
97 139 53.403
97 140 53.098
97 141 54.288
97 142 54.287
97 143 55.665
97 144 56.103
97 145 57.735
97 146 58.6912
97 147 60.7155
97 148 61.8154
97 149 63.9684
97 150 65.4906
97 151 68.08
97 152 69.8496
97 153 72.9514
97 154 75.2276
97 155 78.534
97 156 80.929
97 157 84.393
98 139 57.818
98 140 57.203
98 141 58.145
98 142 58.034
98 143 59.361
98 144 59.3376
98 145 60.945
98 146 61.4792
98 147 63.3869
98 148 64.0917
98 149 66.1366
98 150 67.2398
98 151 69.7256
98 152 71.1718
98 153 74.1346
98 154 76.034
98 155 79.301
98 156 81.3408
98 157 84.809
98 158 87.039
99 141 64.199
99 142 63.843
99 143 64.967
99 144 64.783
99 145 66.027
99 146 66.438
99 147 67.902
99 148 68.61
99 149 70.301
99 150 71.176
99 151 73.227
99 152 74.5122
99 153 77.294
99 154 79.0137
99 155 81.992
99 156 84.0889
99 157 87.186
99 158 89.403
99 159 92.702
100 142 68.4
100 143 69.259
100 144 69.009
100 145 70.221
100 146 70.1406
100 147 71.583
100 148 71.9064
100 149 73.619
100 150 74.0736
100 151 75.9866
100 152 76.8174
100 153 79.3495
100 154 80.9042
100 155 83.7993
100 156 85.4861
100 157 88.5895
100 158 90.426
100 159 93.704
100 160 95.644
101 145 75.292
101 146 76.276
101 147 76.043
101 148 77.149
101 149 77.326
101 140 78.636
101 151 79.027
101 152 80.63
101 153 81.301
101 154 83.514
101 155 84.843
101 156 87.6154
101 157 88.9962
101 158 91.6882
101 159 93.624
101 150 96.551
101 161 98.478
101 162 101.407
102 148 80.664
102 149 81.816
102 140 81.516
102 141 82.914
102 152 82.8811
102 153 84.466
102 154 84.7243
102 155 86.8536
102 156 87.8237
102 157 90.2405
102 158 91.479
102 159 94.109
102 150 95.611
102 151 98.504
102 162 99.951
102 163 102.979
102 164 104.649
103 141 87.896
103 142 88.837
103 153 88.687
103 154 89.847
103 155 90.057
103 156 91.872
103 157 92.735
103 158 94.839
103 159 95.852
103 150 98.276
103 151 99.561
103 152 102.123
103 163 103.669
103 164 106.226
103 165 107.903
103 166 111.132
104 143 93.791
104 154 93.32
104 155 94.397
104 156 94.2357
104 157 95.934
104 158 96.399
104 159 98.4
104 150 99.149
104 151 101.315
104 152 102.394
104 153 104.837
104 164 106.176
104 165 108.709
104 166 109.876
104 167 113.204
104 168 115.174
105 155 100.041
105 156 100.72
105 157 100.342
105 158 101.748
105 159 102.101
105 150 103.676
105 151 104.379
105 152 106.269
105 153 107.111
105 154 109.361
105 165 110.476
105 166 112.738
105 167 113.994
105 168 116.851
105 169 118.728
105 160 121.757
106 158 105.415
106 159 106.656
106 150 106.583
106 151 108.162
106 152 108.424
106 153 110.216
106 154 110.784
106 155 112.818
106 166 113.703
106 167 115.901
106 168 117.001
106 169 119.934
106 160 121.4
106 161 124.329
106 162 125.898
106 163 128.751
107 150 113.614
107 151 113.329
107 152 114.473
107 153 114.606
107 154 116.068
107 155 116.574
107 156 118.246
107 167 118.906
107 168 120.866
107 169 121.741
107 160 124.463
107 161 125.919
107 162 128.576
107 163 130.053
107 164 132.682
107 165 134.368
108 153 119.751
108 154 119.599
108 155 121.173
108 156 121.185
108 157 122.761
108 168 123.108
108 169 124.872
108 160 125.426
108 161 128.226
108 162 129.526
108 163 132.259
108 164 133.325
108 165 135.953
108 166 137.123
108 167 139.576
109 155 126.824
109 156 127.893
109 157 127.901
109 158 129.224
109 169 129.529
109 160 131.021
109 161 131.47
109 162 133.891
109 163 134.986
109 164 137.388
109 165 138.463
109 166 140.801
109 167 141.978
109 168 144.207
109 179 145.493
110 157 134.453
110 158 133.944
110 159 135.183
110 160 134.806
110 161 136.056
110 162 136.293
110 163 138.665
110 164 139.251
110 165 141.751
110 166 142.551
110 167 144.984
110 168 145.75
110 169 147.978
110 170 148.848
110 171 150.959
111 162 143.091
111 163 143.154
111 164 145.046
111 165 145.445
111 166 147.636
111 167 148.591
111 168 150.533
111 169 151.338
111 160 153.206
111 171 154.043
111 172 156.012
111 173 156.878
112 167 152.712
112 168 153.056
112 169 155.136
112 160 155.596
112 161 157.689
112 172 158.135
112 173 160.023
112 174 160.574
112 175 162.177
113 173 164.363
113 174 165.881
113 175 166.488
113 176 168.117
113 177 168.643
114 175 171.114
114 176 171.26
114 177 172.884
114 178 172.968
114 179 174.449
115 177 178.088
115 178 179.305
115 179 179.513
115 170 180.842
115 171 181.068
116 179 185.239
116 170 184.985
116 171 186.309
116 172 186.1
117 171 192.413
117 172 193.33
118 173 199.964
