0 1 8.07131713
1 0 7.28897061
1 1 13.13572176
1 2 14.94980993
2 1 14.93121793
3 0 28.667
1 3 24.621127
2 2 2.42491561
3 1 25.323189
1 4 32.892444
2 3 11.231233
3 2 11.678886
4 1 37.139
1 5 41.875721
2 4 17.592095
3 3 14.08687895
4 2 18.375033
5 1 47.32
1 6 49.135
2 5 26.073126
3 4 14.90710529
4 3 15.768999
5 2 27.67655
2 6 31.609681
3 5 20.945804
4 4 4.941671
5 3 22.921567
6 2 35.064268
2 7 40.935826
3 6 24.954902
4 5 11.348453
5 4 12.416488
6 3 28.910972
2 8 49.197143
3 7 33.052624
4 6 12.607488
5 5 12.050609
6 4 15.698672
7 3 38.800026
3 8 40.728254
4 7 20.177167
5 6 8.667707
6 5 10.649396
7 4 24.303559
3 9 49.009571
4 8 25.07776
5 7 13.369397
6 6 0.0
7 5 17.338068
8 4 31.914613
3 10 56.980888
4 9 33.659077
5 8 16.561947
6 7 3.12500888
7 6 5.345481
8 5 23.115432
4 10 39.954498
5 9 23.663685
6 8 3.01989278
7 7 2.86341672
8 6 8.007781
9 5 31.964402
4 11 49.825815
5 10 28.958242
6 9 9.873144
7 8 0.10143871
8 7 2.855605
9 6 16.566751
10 5 40.215373
4 12 57.447132
5 11 37.11251
6 10 13.694132
7 9 5.683907
8 8 -4.73700135
9 7 10.680253
10 6 23.986776
5 12 43.716317
6 11 21.031898
7 10 7.870079
8 9 -0.80876348
9 8 1.951702
10 7 16.500447
11 6 35.173214
5 13 51.792634
6 12 24.919264
7 11 13.113168
8 10 -0.7828156
9 9 0.873113
10 8 5.317614
11 7 25.037988
5 14 59.770244
6 13 32.413752
7 12 15.856282
8 11 3.332858
9 10 -1.4874442
10 9 1.75205
11 8 12.92939
12 7 31.828389
5 15 68.45
6 14 37.503563
7 13 21.766496
8 12 3.796172
9 11 -0.017463
10 10 -7.04193055
11 9 6.850604
12 8 17.477692
5 16 77.33
6 15 45.643
7 14 25.231913
8 13 8.062035
9 12 -0.047605
10 11 -5.731776
11 10 -2.184631
12 9 10.90385
13 8 26.99
6 16 53.611197
7 15 31.764801
8 14 9.283033
9 13 2.793373
10 12 -8.024719
11 11 -5.181511
12 10 -0.399933
13 9 18.201
14 8 33.338
6 17 64.171
7 16 36.720425
8 15 14.621369
9 14 3.285263
10 13 -5.154049
11 12 -9.52985248
12 11 -5.473513
13 10 6.74807
14 9 23.697
7 17 46.938
8 16 18.500402
9 15 7.544515
10 14 -5.951646
11 13 -8.417901
12 12 -13.933569
13 11 -0.048865
14 10 10.745195
15 9 33.32
7 18 55.983
8 17 27.329027
9 16 11.334166
10 15 -2.035502
11 14 -9.357813
12 13 -13.192783
13 12 -8.915975
14 11 3.827324
15 10 19.738
8 18 34.661037
9 17 18.648875
10 16 0.481114
11 15 -6.86078
12 14 -16.214542
13 13 -12.210151
14 12 -7.141015
15 11 10.973
16 10 27.079
8 19 44.67
9 18 25.450279
10 17 7.050909
11 16 -5.51779
12 15 -14.586611
13 14 -17.196861
14 13 -12.384503
15 12 -0.722458
16 11 17.028
8 20 52.08
9 19 33.741596
10 18 11.299737
11 17 -0.988315
12 16 -15.018845
13 15 -16.850645
14 14 -21.4927943
15 13 -7.14774
16 12 4.073206
17 11 27.516
9 20 40.150186
10 19 18.399801
11 18 2.679994
12 17 -10.602829
13 16 -18.20776
14 15 -21.89507838
15 14 -16.952848
16 13 -3.156416
17 12 13.162176
9 21 48.112
10 20 23.280117
11 19 8.47467
12 18 -8.88382
13 17 -15.864844
14 16 -24.43296
15 15 -20.200854
16 14 -14.059253
17 13 4.443
18 12 20.931147
9 22 56.143
10 21 31.181591
11 20 12.246031
12 19 -3.122151
13 18 -14.950706
14 17 -22.949036
15 16 -24.44054095
16 15 -19.042525
17 14 -7.034551
18 13 11.325
10 22 36.999
11 21 18.640151
12 20 -0.8289
13 19 -11.099367
14 18 -24.077686
15 17 -24.304874
16 16 -26.01553355
17 15 -13.334674
18 14 -2.200351
19 13 21.098
10 23 45.997
11 22 23.78011
12 21 4.962297
13 20 -8.49738
14 19 -20.514325
15 18 -26.337346
16 17 -26.58585434
17 16 -21.003337
18 15 -9.384292
19 14 7.042
10 24 52.842
11 23 31.680111
12 22 8.323348
13 21 -3.000289
14 20 -19.956852
15 19 -24.548698
16 18 -29.931685
17 17 -24.440082
18 16 -18.37829
19 15 -1.22
20 14 13.851
11 24 38.231
12 23 15.639784
13 22 -0.223728
14 21 -14.391457
15 20 -24.857799
16 19 -28.846206
17 18 -29.013528
18 17 -23.047284
19 16 -11.172891
20 15 4.788
11 25 46.303
12 24 20.380157
13 23 5.950384
14 22 -12.436124
15 21 -20.251034
16 20 -30.664131
17 19 -29.522005
18 18 -30.23154
19 17 -17.417065
20 16 -6.451149
21 15 15.351
11 26 53.534
12 25 28.211474
13 24 9.809563
14 23 -6.571511
15 22 -18.995998
16 21 -26.896417
17 20 -31.761538
18 19 -30.947664
19 18 -24.800199
20 17 -13.136066
21 16 3.52
12 26 34.074
13 25 16.209859
14 24 -4.170299
15 23 -14.621563
16 22 -26.861203
17 21 -29.798103
18 20 -34.714821
19 19 -28.800755
20 18 -22.058499
21 17 -4.249
22 16 10.87
12 27 42.275
13 26 20.65
14 25 2.320352
15 24 -12.774634
16 23 -23.162667
17 22 -29.800205
18 21 -33.24219
19 20 -33.8071901
20 19 -27.282702
21 18 -14.172709
22 17 2.2
12 28 48.35
13 27 27.59
14 26 5.429679
15 25 -8.11437
16 24 -22.837846
17 23 -27.557813
18 22 -35.03989464
19 21 -33.535492
20 20 -34.846384
21 19 -20.523335
22 18 -8.850384
23 17 12.17
13 28 33.42
14 27 12.119668
15 26 -4.979767
16 25 -19.008577
17 24 -27.307189
18 23 -33.067505
19 22 -35.55954331
20 21 -35.13789
21 20 -28.642412
22 19 -15.697537
23 18 0.32
13 29 40.1
14 28 16.47
15 27 1.00974
16 26 -17.637746
17 25 -24.831767
18 24 -34.422675
19 23 -35.022026
20 22 -38.547245
21 21 -32.121153
22 20 -25.104674
23 19 -7.62
24 18 6.73
13 30 47.02
14 29 23.101
15 28 4.679826
16 27 -12.195459
17 26 -24.159508
18 25 -32.009808
19 24 -36.575389
20 23 -38.408822
21 22 -36.188102
22 21 -29.321082
23 20 -17.916356
24 19 -1.97
14 30 28.513
15 29 10.45
16 28 -9.204233
17 27 -20.384523
18 26 -32.673255
19 25 -35.781492
20 24 -41.468675
21 23 -37.815985
22 22 -37.548569
23 21 -24.11638
24 20 -13.36
25 19 7.03
14 31 37.49
15 30 15.6
16 29 -3.989589
17 28 -18.262543
18 27 -29.770796
19 26 -36.615638
20 25 -40.812174
21 24 -41.071896
22 23 -39.00984
23 22 -31.886016
24 21 -19.514799
25 20 -5.25
26 19 13.762
15 31 22.97
16 30 0.34
17 29 -13.859398
18 28 -29.772926
19 27 -35.413924
20 26 -43.139361
21 25 -41.761219
22 24 -44.127799
23 23 -37.075351
24 22 -29.471567
25 21 -12.57
26 20 0.91
15 32 29.71
16 31 7.37
17 30 -9.78
18 29 -25.366338
19 28 -35.711976
20 27 -42.344418
21 26 -44.336595
22 25 -44.937364
23 24 -42.006618
24 23 -34.562578
25 22 -22.566374
26 21 -6.87
27 20 10.37
16 32 12.761
17 31 -4.28
18 30 -22.281337
19 29 -32.284477
20 28 -44.224629
21 27 -44.503842
22 26 -48.492709
23 25 -44.477694
24 24 -42.82202
25 23 -29.296338
26 22 -18.0
27 21 1.5
28 20 16.793
16 33 21.093
17 32 0.94
18 31 -17.19
19 30 -29.61149
20 29 -41.299765
21 28 -46.561265
22 27 -48.563787
23 26 -47.961931
24 25 -45.33306
25 24 -37.620634
26 23 -24.750727
27 22 -9.88
28 21 8.2
17 33 7.74
18 32 -13.33
19 31 -25.727848
20 30 -39.589224
21 29 -44.547382
22 28 -51.43166
23 27 -49.224013
24 26 -50.262072
25 25 -42.627595
26 24 -34.476456
27 23 -17.63
28 22 -4.12
17 34 14.29
18 33 -6.69
19 32 -22.516196
20 31 -36.332304
21 30 -43.228684
22 29 -49.732837
23 28 -52.203842
24 27 -51.451395
25 26 -48.243877
26 25 -40.202555
27 24 -27.342143
28 23 -11.9
18 34 -1.28
19 33 -17.137627
20 32 -34.266266
21 31 -40.443279
22 30 -49.46982
23 29 -51.443769
24 28 -55.419242
25 27 -50.707284
26 26 -48.330363
27 25 -34.360951
28 24 -22.33
29 23 -2.28
18 35 6.791
19 34 -12.295721
20 33 -29.387704
21 32 -38.906808
22 31 -46.831061
23 30 -51.851061
24 29 -55.286999
25 28 -54.690116
26 27 -50.94753
27 26 -42.659428
28 25 -29.630824
29 24 -13.27
19 35 -5.002
20 34 -25.160585
21 33 -33.8909
22 32 -45.621981
23 31 -49.893173
24 30 -56.934765
25 29 -55.557629
26 28 -56.2545
27 27 -48.009953
28 26 -39.278308
29 25 -21.41
30 24 -6.272
19 36 0.708
20 35 -18.35
21 34 -30.159352
22 33 -41.668088
23 32 -49.144586
24 31 -55.10971
25 30 -57.712413
26 29 -57.4813
27 28 -54.029883
28 27 -45.335849
29 26 -31.635399
30 25 -14.57
19 37 7.927
20 36 -13.898
21 35 -24.85226
22 34 -39.320048
23 33 -46.154881
24 32 -55.285001
25 31 -56.911538
26 30 -60.607082
27 29 -56.040402
28 28 -53.907539
29 27 -38.643029
30 26 -25.39
31 25 -3.39
20 37 -6.874
21 36 -20.995875
22 35 -33.915633
23 34 -44.41345
24 33 -52.524702
25 32 -57.486251
26 31 -60.181839
27 30 -59.345564
28 29 -56.083833
29 28 -47.308886
30 27 -32.55
31 26 -15.01
20 38 -1.919
21 37 -14.876
22 36 -31.11
23 35 -40.401753
24 34 -51.991801
25 33 -55.82756
26 32 -62.155113
27 31 -59.847158
28 30 -60.228744
29 29 -51.667725
30 28 -42.298744
31 27 -23.54
32 26 -7.08
21 38 -10.302
22 37 -25.51
23 36 -37.832015
24 35 -48.08576
25 34 -55.52532
26 33 -60.664805
27 32 -62.229709
28 31 -61.156707
29 30 -56.358327
30 29 -47.215551
31 28 -33.76
32 27 -15.87
21 39 -4.052
22 38 -22.33
23 37 -33.241956
24 36 -46.669576
25 35 -52.967938
26 34 -61.413017
27 33 -61.650309
28 32 -64.473118
29 31 -58.345137
30 30 -54.17434
31 29 -39.59
32 28 -27.09
33 27 -5.47
21 40 0.931
22 39 -16.35
23 38 -30.506429
24 37 -42.475229
25 36 -51.742122
26 35 -58.920494
27 34 -62.898066
28 33 -64.221905
29 32 -61.984059
30 31 -56.348903
31 30 -47.134659
32 29 -33.36
33 28 -16.9
22 40 -12.5
23 39 -25.476
24 38 -40.894961
25 37 -48.523957
26 36 -58.878048
27 35 -61.424282
28 34 -66.746323
29 33 -62.787426
30 32 -61.167972
31 31 -51.986906
32 30 -41.74
33 29 -24.32
22 41 -5.75
23 40 -21.89
24 39 -36.007474
25 38 -46.887053
26 37 -55.635621
27 36 -61.85144
28 35 -65.512775
29 34 -65.579752
30 33 -62.213397
31 32 -56.547093
32 31 -46.921216
33 30 -33.5
22 42 -1.025
23 41 -16.32
24 40 -33.479757
25 39 -42.989035
26 38 -54.969544
27 37 -59.792329
28 36 -67.098921
29 35 -65.424545
30 34 -66.004014
31 33 -58.832821
32 32 -54.315496
33 31 -39.532
34 30 -26.7
23 42 -11.78
24 41 -28.22
25 40 -40.967339
26 39 -51.217895
27 38 -59.185198
28 37 -65.125685
29 36 -67.26366
30 35 -65.912019
31 34 -62.657507
32 33 -56.478216
33 32 -46.937051
34 31 -33.02
23 43 -5.61
24 42 -24.72
25 41 -36.750387
26 40 -50.067839
27 39 -56.408533
28 38 -66.006285
29 37 -66.258272
30 36 -68.89916
31 35 -63.72366
32 34 -61.607032
33 33 -52.025077
34 32 -41.66
23 44 -0.65
24 43 -18.68
25 42 -33.46
26 41 -45.610155
27 40 -55.321775
28 39 -63.74268
29 38 -67.319513
30 37 -67.880313
31 36 -66.879048
32 35 -62.65823
33 34 -56.587225
34 33 -46.580289
35 32 -32.79
24 44 -14.8
25 43 -28.38
26 42 -43.486914
27 41 -51.930665
28 40 -63.463814
29 39 -65.567035
30 38 -70.007092
31 37 -67.085992
32 36 -66.978789
33 35 -58.894519
34 34 -54.189441
35 33 -38.791
24 45 -8.58
25 44 -24.77
26 43 -39.03
27 42 -50.279157
28 41 -59.978648
29 40 -65.736213
30 39 -68.417845
31 38 -69.327809
32 37 -67.100663
33 36 -63.112171
34 35 -56.434706
35 34 -46.25947
36 33 -32.435
24 46 -4.48
25 45 -19.5
26 44 -36.51
27 43 -46.63
28 42 -59.21386
29 41 -62.976373
30 40 -69.564735
31 39 -68.91014
32 38 -70.561876
33 37 -64.341876
34 36 -61.929891
35 35 -51.425619
36 34 -41.1
25 46 -15.57
26 45 -31.43
27 44 -44.369926
28 43 -55.406228
29 42 -62.711127
30 41 -67.328777
31 40 -70.139135
32 39 -69.906497
33 38 -67.893097
34 37 -63.146507
35 36 -56.502418
36 35 -46.327205
37 34 -32.06
25 47 -9.9
26 46 -28.43
27 45 -40.2
28 44 -54.22606
29 43 -59.782999
30 42 -68.145486
31 41 -68.588293
32 40 -72.5859
33 39 -68.229798
34 38 -67.86818
35 37 -59.061743
36 36 -53.940575
37 35 -38.33
26 47 -22.9
27 46 -37.418
28 45 -50.108152
29 44 -58.987437
30 43 -65.593402
31 42 -69.699335
32 41 -71.297523
33 40 -70.952747
34 39 -68.227387
35 38 -63.647475
36 37 -56.551751
37 36 -46.082
38 35 -31.95
26 48 -19.59
27 47 -32.82
28 46 -48.456
29 45 -56.006205
30 44 -65.756712
31 43 -68.049617
32 42 -73.422442
33 41 -70.860054
34 40 -72.213201
35 39 -65.288153
36 38 -62.331836
37 37 -51.916009
38 36 -40.827
26 49 -13.64
27 48 -29.649
28 47 -44.03
29 46 -54.471341
30 45 -62.558908
31 44 -68.46458
32 43 -71.856965
33 42 -73.034195
34 41 -72.169481
35 40 -69.107009
36 39 -64.323624
37 38 -57.218694
38 37 -46.618694
39 36 -31.82
27 49 -24.51
28 48 -41.63
29 47 -50.975985
30 46 -62.303016
31 45 -66.29664
32 44 -73.212889
33 43 -72.291377
34 42 -75.25195
35 41 -70.289068
36 40 -69.013714
37 39 -60.479081
38 38 -54.247639
39 37 -38.48
27 50 -21.015
28 49 -36.8
29 48 -48.624
30 47 -58.789195
31 46 -65.992344
32 45 -71.212862
33 44 -73.916318
34 43 -74.599488
35 42 -73.234809
36 41 -70.169443
37 40 -64.830492
38 39 -57.803436
39 38 -46.439
40 37 -32.04
28 50 -33.89
29 49 -44.497469
30 48 -57.483235
31 47 -63.70595
32 46 -71.86205
33 45 -72.81694
34 44 -77.025944
35 43 -73.45216
36 42 -74.178275
37 41 -66.935419
38 40 -63.173941
39 39 -52.173
40 38 -40.85
28 51 -27.57
29 50 -41.74
30 49 -53.432295
31 48 -62.547679
32 47 -69.526592
33 46 -73.636049
34 45 -75.917459
35 44 -76.068035
36 43 -74.442257
37 42 -70.802985
38 41 -65.476889
39 40 -57.817833
40 39 -46.77
41 38 -31.65
28 52 -22.63
29 51 -36.2
30 50 -51.648612
31 49 -59.223667
32 48 -69.535306
33 47 -72.214493
34 46 -77.759457
35 45 -75.888993
36 44 -77.893346
37 43 -72.175467
38 42 -70.311459
39 41 -61.148152
40 40 -54.36
41 39 -38.42
29 52 -31.42
30 51 -46.199663
31 50 -57.627954
32 49 -66.291687
33 48 -72.533304
34 47 -76.388988
35 46 -77.977034
36 45 -77.696181
37 44 -75.45667
38 43 -71.528125
39 42 -65.712912
40 41 -57.460139
41 40 -46.36
42 39 -31.75
29 53 -25.32
30 52 -42.313954
31 51 -52.930719
32 50 -65.415067
33 49 -70.105419
34 48 -77.593882
35 47 -77.498661
36 46 -80.59178515
37 45 -76.187803
38 44 -76.010053
39 43 -68.064091
40 42 -63.631287
41 41 -52.09
42 40 -40.37
30 53 -36.29
31 52 -49.257122
32 51 -60.976435
33 50 -69.669323
34 49 -75.34053
35 48 -79.013709
36 47 -79.990633
37 46 -79.07063
38 45 -76.797606
39 44 -72.205665
40 43 -65.911654
41 42 -57.556083
42 41 -46.34
43 40 -31.32
30 54 -31.93
31 53 -44.088
32 52 -58.148428
33 51 -65.85356
34 50 -75.947721
35 49 -77.783084
36 48 -82.4393351
37 47 -79.758964
38 46 -80.64957
39 45 -73.894431
40 44 -71.421686
41 43 -61.218717
42 42 -54.17
43 41 -37.7
30 55 -25.23
31 54 -39.849
32 53 -53.12342
33 52 -63.189144
34 51 -72.413636
35 50 -78.575469
36 49 -81.480331
37 48 -82.1673305
38 47 -81.10328
39 46 -77.842123
40 45 -73.175189
41 44 -66.279676
42 43 -57.509753
43 42 -45.85
44 41 -30.95
31 55 -34.08
32 54 -49.399922
33 53 -58.962142
34 52 -70.503167
35 51 -75.632252
36 50 -83.26566564
37 49 -82.746993
38 48 -84.52308935
39 47 -79.283089
40 46 -77.969014
41 45 -69.134054
42 44 -64.110245
43 43 -51.57
44 42 -39.77
31 56 -29.25
32 55 -44.078
33 54 -55.617907
34 53 -66.426125
35 52 -73.891676
36 51 -80.709522
37 50 -84.597791
38 49 -84.88006595
39 48 -83.018376
40 47 -79.347137
41 46 -73.874486
42 45 -66.884808
43 44 -57.690044
44 43 -45.52
32 56 -40.138
33 55 -50.72
34 54 -63.884195
35 53 -70.715959
36 52 -79.691286
37 51 -82.608995
38 50 -87.92161793
39 49 -84.299018
40 48 -83.628871
41 47 -76.173586
42 46 -72.686544
43 45 -61.681315
44 44 -54.34
45 43 -36.86
32 57 -33.729
33 56 -46.798
34 55 -58.992391
35 54 -68.274263
36 53 -76.535785
37 52 -81.712388
38 51 -86.209017
39 50 -87.708352
40 49 -84.875561
41 48 -80.625209
42 47 -75.014935
43 46 -67.394848
44 45 -58.26
45 44 -45.861
32 58 -29.221
33 57 -41.33
34 56 -55.800217
35 55 -64.000298
36 54 -74.95925
37 53 -79.364404
38 52 -85.948127
39 51 -86.494062
40 50 -88.772535
41 49 -82.661519
42 48 -80.172503
43 47 -70.724687
44 46 -64.883792
45 45 -51.7
46 44 -39.71
33 58 -36.896
34 57 -50.580124
35 56 -61.107294
36 55 -70.973965
37 54 -77.745037
38 53 -83.651927
39 52 -86.351295
40 51 -87.895566
41 50 -86.638001
42 49 -82.208821
43 48 -75.986646
44 47 -68.239823
45 46 -58.57
46 45 -45.93
33 59 -30.981
34 58 -46.724
35 57 -56.232805
36 56 -68.76932
37 55 -74.772438
38 54 -82.867361
39 53 -84.816492
40 52 -88.459028
41 51 -86.453292
42 50 -86.808576
43 49 -78.925693
44 48 -74.301201
45 47 -62.999087
46 46 -54.58
47 45 -37.13
34 59 -40.716
35 58 -52.89023
36 57 -64.135994
37 56 -72.619901
38 55 -80.085838
39 54 -84.227157
40 53 -87.122032
41 52 -87.212838
42 51 -86.807069
43 50 -83.606106
44 49 -77.216713
45 48 -69.0118
46 47 -59.001
47 46 -46.267
34 60 -36.803
35 59 -47.4
36 58 -61.347772
37 57 -68.562785
38 56 -78.845711
39 55 -82.351463
40 54 -87.269322
41 53 -86.369062
42 52 -88.414065
43 51 -84.158317
44 50 -82.583591
45 49 -72.907613
46 48 -66.102268
47 47 -52.41
48 46 -40.14
34 61 -30.46
35 60 -43.771
36 59 -56.158913
37 58 -65.891493
38 57 -75.119551
39 56 -81.208848
40 55 -85.65994
41 54 -86.786258
42 53 -87.711858
43 52 -86.021341
44 51 -83.457745
45 50 -78.340606
46 49 -69.9659
47 48 -59.597
48 47 -46.631
35 61 -38.163
36 60 -53.079678
37 59 -61.354349
38 58 -72.924157
39 57 -78.335895
40 56 -85.438846
41 55 -85.602816
42 54 -88.794876
43 53 -85.821634
44 52 -86.080372
45 51 -79.687718
46 50 -76.183406
47 49 -64.511636
48 48 -55.573
49 47 -37.89
35 62 -34.055
36 61 -47.423492
37 60 -58.519137
38 59 -68.581454
39 58 -76.121424
40 57 -82.942661
41 56 -85.605776
42 55 -87.544691
43 54 -87.224424
44 53 -86.120552
45 52 -82.597552
46 51 -77.805843
47 50 -70.825843
48 49 -60.454
49 48 -47.189
35 63 -28.25
36 62 -44.311
37 61 -54.369146
38 60 -66.423104
39 59 -72.294777
40 58 -81.286709
41 57 -83.524598
42 56 -88.115972
43 55 -86.432205
44 54 -88.224858
45 53 -83.175205
46 52 -81.320975
47 51 -73.066415
48 50 -67.636415
49 49 -53.896
36 63 -38.759
37 62 -51.121143
38 61 -62.521401
39 60 -70.649825
40 59 -77.620617
41 58 -82.335341
42 57 -85.970098
43 56 -87.327862
44 55 -87.625381
45 54 -85.5813
46 53 -82.182651
47 52 -76.712473
48 51 -69.931123
49 50 -61.376
50 49 -47.944
36 64 -35.052
37 63 -46.247064
38 62 -59.820903
39 61 -67.327396
40 60 -76.377437
41 59 -79.797399
42 58 -86.193025
43 57 -86.020945
44 56 -89.227389
45 55 -85.591126
46 54 -85.212778
47 53 -78.137959
48 52 -74.194596
49 51 -64.312972
50 50 -57.282972
36 65 -29.128
37 64 -42.845
38 63 -55.324907
39 62 -65.061002
40 61 -73.165957
41 60 -78.891491
42 59 -83.519949
43 58 -86.344594
44 57 -87.958114
45 56 -87.412416
46 55 -85.432132
47 54 -81.334374
48 53 -75.836456
49 52 -68.614
50 51 -60.305626
37 65 -37.707
38 64 -52.159304
39 63 -61.173177
40 62 -71.587707
41 61 -76.304544
42 60 -83.566061
43 59 -84.572878
44 58 -89.106437
45 57 -86.783318
46 56 -87.903171
47 55 -82.246691
48 54 -79.659691
49 53 -70.694884
50 52 -64.934884
37 66 -33.608
38 65 -47.422
39 64 -58.457575
40 63 -67.815334
41 62 -75.028671
42 61 -80.96067
43 60 -84.603867
44 59 -87.267171
45 58 -88.031708
46 57 -87.457189
47 56 -84.802692
48 55 -80.651616
49 54 -74.632591
50 53 -66.972591
51 52 -56.178
38 66 -44.106
39 65 -54.064
40 64 -65.72406
41 63 -71.819012
42 62 -80.349968
43 61 -82.503444
44 60 -88.09571
45 59 -86.959348
46 58 -89.395105
47 57 -85.116452
48 56 -83.96838
49 55 -76.182665
50 54 -71.627047
51 53 -59.17362
38 67 -38.61
39 66 -51.270361
40 65 -61.464734
41 64 -69.915551
42 63 -77.337141
43 62 -82.290088
44 61 -85.93449
45 60 -87.851243
46 59 -88.417888
47 58 -87.070836
48 57 -84.333839
49 56 -79.640572
50 55 -73.337992
51 54 -64.015482
52 53 -52.81151
38 68 -34.79
39 67 -46.053
40 66 -58.549987
41 65 -66.203357
42 64 -76.134528
43 63 -79.776223
44 62 -86.323223
45 61 -86.362627
46 60 -89.907527
47 59 -86.942383
48 58 -87.132138
49 57 -80.608134
50 56 -77.353687
51 55 -66.473292
52 54 -58.219748
38 69 -28.9
39 68 -42.364
40 67 -54.379688
41 66 -63.72381
42 65 -72.55156
43 64 -78.749914
44 63 -83.862512
45 62 -86.863703
46 61 -88.372639
47 60 -88.40667
48 59 -86.990261
49 58 -83.564261
50 57 -78.512228
51 56 -70.653239
52 55 -60.539326
53 54 -49.43
39 69 -37.297
40 68 -51.353
41 67 -59.545765
42 66 -70.755942
43 65 -75.922778
44 64 -83.66135
45 63 -85.031721
46 62 -89.524206
47 61 -87.606763
48 60 -89.252414
49 59 -84.119819
50 58 -82.069938
51 57 -72.445331
52 56 -65.781667
53 55 -52.649605
39 70 -33.2
40 69 -46.193
41 68 -56.689794
42 67 -66.665996
43 66 -74.282775
44 65 -80.738401
45 64 -84.999455
46 63 -87.606476
47 62 -88.719426
48 61 -88.504321
49 60 -86.489511
50 59 -82.630184
51 58 -76.250977
52 57 -67.71539
53 56 -57.672496
54 55 -46.169548
40 70 -42.886
41 69 -52.309909
42 68 -64.542585
43 67 -71.03451
44 66 -80.072576
45 65 -82.828686
46 64 -88.330905
47 63 -87.457302
48 62 -90.347969
49 61 -86.469969
50 60 -85.841983
51 59 -77.449734
52 58 -72.229811
53 57 -60.464176
54 56 -51.922625
40 71 -37.56
41 70 -48.875
42 69 -59.939761
43 68 -69.024622
44 67 -76.785271
45 66 -82.304452
46 65 -85.985888
47 64 -88.215447
48 63 -89.252247
49 62 -88.392043
50 61 -85.938587
51 60 -80.836736
52 59 -73.587477
53 58 -64.953785
54 57 -54.395534
55 56 -42.821
40 72 -33.81
41 71 -44.274
42 70 -57.464
43 69 -65.258938
44 68 -75.630818
45 67 -79.731503
46 66 -86.321562
47 65 -86.583718
48 64 -90.574859
49 63 -87.990131
50 62 -88.655056
51 61 -81.598965
52 60 -77.567508
53 59 -67.06333
54 58 -60.026338
55 57 -46.290277
41 72 -40.511
42 71 -52.49
43 70 -62.811541
44 69 -71.868119
45 68 -78.767536
46 67 -83.591092
47 66 -87.026822
48 65 -89.043284
49 64 -89.367117
50 63 -88.328132
51 62 -84.416968
52 61 -78.347029
53 60 -71.119507
54 59 -62.203618
55 58 -51.76453
56 57 -39.784
41 73 -35.387
42 72 -49.807
43 71 -58.600288
44 70 -70.221811
45 69 -75.710625
46 68 -83.490943
47 67 -84.9308
48 66 -90.014932
49 65 -88.569801
50 64 -90.559723
51 63 -84.496574
52 62 -81.888569
53 61 -72.796
54 60 -67.08589
55 59 -54.682261
56 58 -45.905426
41 74 -31.354
42 73 -44.749
43 72 -56.31999
44 71 -66.189734
45 70 -74.229831
46 69 -80.426386
47 68 -84.982654
48 67 -88.084479
49 66 -89.536346
50 65 -90.033835
51 64 -87.003403
52 63 -82.062759
53 62 -76.337797
54 61 -68.656748
55 60 -59.699
56 59 -49.02
42 74 -41.5
43 73 -51.456
44 72 -64.068909
45 71 -70.736122
46 70 -79.831635
47 69 -82.542653
48 68 -88.71248
49 67 -88.249749
50 66 -91.52597
51 65 -86.82215
52 64 -85.268961
53 63 -77.492236
54 62 -73.046724
55 61 -62.043
56 60 -54.58
57 59 -40.645
42 75 -36.17
43 74 -48.382
44 73 -59.489865
45 72 -68.897373
46 71 -76.424477
47 70 -82.182014
48 69 -86.418389
49 68 -88.943042
50 67 -90.397751
51 66 -88.639539
52 65 -85.095411
53 64 -80.436077
54 63 -74.185337
55 62 -66.493092
56 61 -57.457753
57 60 -46.471
42 76 -32.63
43 75 -43.79
44 74 -57.26
45 73 -64.88746
46 72 -75.388746
47 71 -79.553792
48 70 -86.701641
49 69 -87.228211
50 68 -91.652853
51 67 -87.996213
52 66 -87.696584
53 65 -80.971048
54 64 -78.079057
55 63 -68.409367
56 62 -62.354
57 61 -49.56
43 76 -40.371
44 75 -52.564
45 74 -62.822794
46 73 -71.407902
47 72 -78.645765
48 71 -83.977068
49 70 -87.699281
50 69 -90.065022
51 68 -89.47418
52 67 -87.18118
53 66 -83.76553
54 65 -78.794413
55 64 -72.305051
56 63 -64.590086
57 62 -54.79
58 61 -43.94
43 77 -35.518
44 76 -50.012
45 75 -58.815
46 74 -70.28005
47 73 -75.651502
48 72 -83.957354
49 71 -85.728369
50 70 -91.098369
51 69 -88.417761
52 68 -89.367987
53 67 -83.752987
54 66 -82.172423
55 65 -73.888639
56 64 -68.888639
57 63 -57.57
58 62 -49.6
43 78 -31.78
44 77 -45.047
45 76 -56.250128
46 75 -66.182329
47 74 -74.402821
48 73 -81.073826
49 72 -85.835974
50 71 -89.197265
51 70 -89.600321
52 69 -88.545502
53 68 -86.251449
54 67 -82.480986
55 66 -77.102331
56 65 -70.744837
57 64 -62.19
58 63 -52.69
59 62 -41.422
44 78 -42.15
45 77 -52.08
46 76 -64.616161
47 75 -71.106108
48 74 -80.612374
49 73 -83.572741
50 72 -89.941333
51 71 -88.33537
52 70 -90.31446
53 69 -86.08046
54 68 -85.354977
55 67 -78.144759
56 66 -74.608944
57 65 -64.543
58 64 -57.874
59 63 -44.78
44 79 -37.08
45 78 -49.36
46 77 -60.429742
47 76 -69.548078
48 75 -77.414181
49 74 -83.430353
50 73 -87.816181
51 72 -89.224069
52 71 -89.172156
53 70 -87.943727
54 69 -85.248701
55 68 -81.043646
56 67 -75.654953
57 66 -68.651
58 65 -60.286
59 64 -50.23
44 80 -33.96
45 79 -44.89
46 78 -58.39
47 77 -66.200134
48 76 -76.701672
49 75 -80.870201
50 74 -88.234193
51 73 -87.620248
52 72 -90.525321
53 71 -87.365734
54 70 -87.661421
55 69 -81.731334
56 68 -79.089775
57 67 -70.25861
58 66 -64.916
59 65 -53.151
60 64 -44.525
45 80 -42.0
46 79 -54.12
47 78 -64.519932
48 77 -73.348095
49 76 -80.476805
50 75 -85.896376
51 74 -88.256274
52 73 -89.022974
53 72 -88.837204
54 71 -87.193381
55 70 -84.08795
56 69 -79.668965
57 68 -73.759484
58 67 -66.658
59 66 -57.94
60 65 -47.599
45 81 -37.3
46 80 -51.86
47 79 -60.68
48 78 -72.256802
49 77 -77.772908
50 76 -86.01524
51 75 -86.39324
52 74 -90.065348
53 73 -87.911318
54 72 -89.146962
55 71 -84.350829
56 70 -82.669902
57 69 -74.973468
58 68 -70.820558
59 67 -60.324
60 66 -52.993
61 65 -39.35
45 82 -34.03
46 81 -47.18
47 80 -58.44
48 79 -68.747402
49 78 -76.896184
50 77 -83.470803
51 76 -86.699477
52 75 -88.281678
53 74 -88.983909
54 73 -88.32156
55 72 -86.240154
56 71 -82.817944
57 70 -77.896108
58 69 -71.979336
59 68 -64.543
60 67 -55.536
61 66 -44.786
46 82 -44.49
47 81 -54.62
48 80 -67.24189
49 79 -74.145941
50 78 -83.362008
51 77 -84.630286
52 76 -88.993716
53 75 -87.738724
54 74 -89.860298
55 73 -85.931581
56 72 -85.378497
57 71 -78.625431
58 70 -75.533917
59 69 -66.330757
60 68 -60.314
61 67 -47.786
62 66 -38.67
46 83 -37.61
47 82 -51.98
48 81 -63.058046
49 80 -72.83772
50 79 -80.590903
51 78 -84.629307
52 77 -87.004807
53 76 -88.507125
54 75 -88.69605896
55 74 -87.499246
56 73 -85.063198
57 72 -81.324573
58 71 -76.287496
59 70 -69.773558
60 69 -62.315
61 68 -52.881
62 67 -42.0
47 83 -45.697
48 82 -61.117589
49 81 -69.883206
50 80 -80.132206
51 79 -82.285676
52 78 -87.352949
53 77 -86.936138
54 76 -89.880463
55 75 -86.899743
56 74 -87.261544
57 73 -81.627366
58 72 -79.422905
59 71 -71.175457
60 70 -66.596232
61 69 -55.396
62 68 -47.506
63 67 -33.683
47 84 -40.38
48 83 -55.218965
49 82 -68.02503
50 81 -77.264571
51 80 -81.981401
52 79 -85.211012
53 78 -87.44271
54 77 -88.413558
55 76 -88.058786
56 75 -86.683731
57 74 -83.769256
58 73 -79.70844
59 72 -74.300656
60 71 -67.768033
61 70 -59.66
62 69 -50.133
63 68 -39.27
47 85 -33.79
48 84 -50.263
49 83 -62.411542
50 82 -76.546542
51 81 -79.635271
52 80 -85.188186
53 79 -85.70349
54 78 -89.27896179
55 77 -87.152681
56 76 -88.435017
57 75 -83.72365
58 74 -82.470896
59 73 -75.227456
60 72 -71.425807
61 71 -61.628
62 70 -55.079
63 69 -42.2
48 85 -43.92
49 84 -57.464
50 83 -70.87388
51 82 -78.923503
52 81 -82.937122
53 80 -85.85826
54 79 -87.643571
55 78 -88.070931
56 77 -87.553613
57 76 -85.494383
58 75 -82.418214
59 74 -77.937581
60 73 -72.332372
61 72 -65.407646
62 71 -57.231
63 70 -47.236
64 69 -35.86
48 86 -38.92
49 85 -51.661
50 84 -66.433748
51 83 -74.020542
52 82 -82.533741
53 81 -84.043429
54 80 -88.125822
55 79 -86.891154
56 78 -88.949853
57 77 -85.21865
58 76 -84.832889
59 75 -78.527991
60 74 -75.646432
61 73 -66.738751
62 72 -61.376
63 71 -49.928
64 70 -41.302
49 86 -46.528
50 85 -60.632244
51 84 -69.690323
52 83 -77.72878
53 82 -83.779145
54 81 -86.413151
55 80 -87.581643
56 79 -87.850498
57 78 -86.643317
58 77 -84.616171
59 76 -80.935861
60 75 -76.213609
61 74 -70.052075
62 73 -62.857215
63 72 -54.148
64 71 -44.39
65 70 -32.825
49 87 -40.51
50 86 -55.899
51 85 -64.50688
52 84 -74.425269
53 83 -79.545214
54 82 -86.429159
55 81 -86.338697
56 80 -88.886921
57 79 -86.037479
58 78 -86.508372
59 77 -81.340355
60 76 -79.199287
61 75 -71.169915
62 74 -66.81089
63 73 -56.244
64 72 -49.09
65 71 -36.13
49 88 -35.04
50 87 -49.788
51 86 -60.060384
52 85 -69.303753
53 84 -76.356258
54 83 -82.383404
55 82 -86.545606
56 81 -87.721235
57 80 -87.140688
58 79 -85.918588
59 78 -83.201693
60 77 -79.584567
61 76 -74.072848
62 75 -68.026525
63 74 -60.145895
64 73 -51.214
65 72 -40.967
50 88 -44.861
51 87 -54.220403
52 86 -65.695985
53 85 -71.9799
54 84 -79.972233
55 83 -82.886937
56 82 -88.261638
57 81 -86.51918
58 80 -87.570922
59 79 -83.133922
60 78 -82.01831
61 77 -74.940483
62 76 -71.497762
63 75 -61.749669
64 74 -55.8
65 73 -43.668
66 72 -34.931
50 89 -38.44
51 88 -49.788
52 87 -60.205072
53 86 -68.470954
54 85 -75.644576
55 84 -80.700921
56 83 -84.913751
57 82 -87.226212
58 81 -86.947862
59 80 -84.818798
60 79 -82.013942
61 78 -77.500481
62 77 -72.380219
63 76 -65.398042
64 75 -57.632
65 74 -48.13
66 73 -37.642
51 89 -43.939
52 88 -56.576228
53 87 -63.606213
54 86 -72.986451
55 85 -77.050105
56 84 -83.269354
57 83 -84.315871
58 82 -88.076089
59 81 -84.688089
60 80 -84.258912
61 79 -78.213712
62 78 -75.455935
63 77 -66.985935
64 76 -61.782271
65 75 -50.482271
66 74 -42.83
67 73 -29.259
51 90 -39.11
52 89 -50.487
53 88 -59.926657
54 87 -68.197299
55 86 -74.477523
56 85 -79.732626
57 84 -82.931636
58 83 -85.432916
59 82 -86.015644
60 81 -84.19263
61 80 -80.522921
62 79 -75.933909
63 78 -69.925629
64 77 -63.224224
65 76 -54.540837
66 75 -45.382
67 74 -34.364
52 90 -46.37
53 89 -54.769984
54 88 -65.229639
55 87 -70.51455
56 86 -77.842264
57 85 -80.024227
58 84 -84.533188
59 83 -83.787476
60 82 -85.94998
61 81 -81.142044
62 80 -78.98647
63 79 -71.31347
64 78 -66.959515
65 77 -56.559515
66 76 -50.12
67 75 -37.25
68 74 -28.03
52 91 -40.278
53 90 -50.63
54 89 -60.202873
55 88 -67.675509
56 87 -73.937197
57 86 -78.171515
58 85 -81.606671
59 84 -83.068246
60 83 -84.002234
61 82 -82.960651
62 81 -79.517152
63 80 -74.2413
64 79 -68.2313
65 78 -60.419183
66 77 -52.168941
67 76 -42.048
68 75 -31.26
53 91 -45.28
54 90 -56.872293
55 89 -63.271353
56 88 -71.767121
57 87 -74.849652
58 86 -80.43187
59 85 -80.750517
60 84 -83.747957
61 83 -81.416093
62 82 -81.965535
63 81 -75.619133
64 80 -71.759504
65 79 -62.368181
66 78 -56.570083
67 77 -44.609513
68 76 -36.608
69 75 -22.259
53 92 -40.939
54 91 -51.493329
55 90 -60.054415
56 89 -67.516176
57 88 -72.835317
58 87 -77.067022
59 86 -79.62594
60 85 -81.431951
61 84 -81.267474
62 83 -80.651318
63 82 -77.991507
64 81 -72.92632
65 80 -66.388411
66 79 -58.242599
67 78 -49.120105
68 77 -39.24
69 76 -27.583
54 92 -47.954943
55 91 -55.310372
56 90 -64.947086
57 89 -69.050283
58 88 -75.635389
59 87 -76.681006
60 86 -80.925867
61 85 -79.454309
62 84 -80.996309
63 83 -77.117541
64 82 -76.085783
65 81 -67.76361
66 80 -62.554918
67 79 -51.238219
68 78 -44.322012
69 77 -31.055
54 93 -42.36
55 92 -51.920064
56 91 -60.264029
57 90 -66.67839
58 89 -72.013891
59 88 -75.444067
60 87 -78.146748
61 86 -79.04226
62 85 -79.266354
63 84 -77.544756
64 83 -75.356945
65 82 -70.742665
66 81 -64.196038
67 80 -55.757092
68 79 -46.607807
69 78 -35.9744
54 94 -38.6
55 93 -46.910942
56 92 -57.593735
57 91 -62.708735
58 90 -70.398408
59 89 -72.535424
60 88 -77.407996
61 87 -76.865716
62 86 -79.336264
63 85 -76.299331
64 84 -76.269329
65 83 -70.537082
66 82 -67.85955
67 81 -57.991158
68 80 -51.478989
69 79 -38.765027
70 78 -30.33
55 94 -43.25
56 93 -53.120309
57 92 -60.219913
58 91 -66.669913
59 90 -71.039366
60 89 -74.375466
61 88 -76.064256
62 87 -77.135737
63 86 -76.441112
64 85 -75.127011
65 84 -71.488669
66 83 -67.695909
67 82 -61.646578
68 81 -53.741615
69 80 -43.883
70 79 -33.198
55 95 -38.17
56 94 -49.9
57 93 -56.129966
58 92 -64.846854
59 91 -68.300479
60 90 -73.679755
61 89 -73.597139
62 88 -77.051139
63 87 -74.792234
64 86 -75.763934
65 85 -71.105721
66 84 -69.3096
67 83 -61.945881
68 82 -57.831313
69 81 -46.491
70 80 -38.638
71 79 -24.64
55 96 -34.23
56 95 -44.94
57 94 -53.310333
58 93 -61.225052
59 92 -66.77963
60 91 -70.942988
61 90 -73.386063
62 89 -74.576279
63 88 -74.652854
64 87 -74.188737
65 86 -71.623504
66 85 -68.752405
67 84 -63.622738
68 83 -58.266284
69 82 -50.772756
70 81 -41.542342
71 80 -30.108
55 97 -28.93
56 96 -41.71
57 95 -49.29
58 94 -58.98
59 93 -63.758063
60 92 -70.149407
61 91 -71.254186
62 90 -74.762603
63 89 -72.888255
64 88 -74.706916
65 87 -70.716916
66 86 -70.117873
67 85 -63.604771
68 84 -60.500377
69 83 -51.720273
70 82 -46.270381
71 81 -33.422
56 97 -36.47
57 96 -46.06
58 95 -54.91
59 94 -61.568463
60 93 -67.330297
61 92 -70.647824
62 91 -72.559686
63 90 -73.367222
64 89 -72.882551
65 88 -71.313338
66 87 -69.142943
67 86 -65.012103
68 85 -60.468604
69 84 -53.973329
70 83 -47.208
71 82 -38.372844
72 81 -27.3
56 98 -32.82
57 97 -41.53
58 96 -52.22
59 95 -58.104976
60 94 -65.824976
61 93 -68.511976
62 92 -72.455176
63 91 -71.738121
64 90 -73.705954
65 89 -70.156303
66 88 -70.393907
67 87 -64.639311
68 86 -62.60502
69 85 -54.427131
70 84 -49.932083
71 83 -39.715
72 82 -32.67
57 98 -37.93
58 97 -47.78
59 96 -55.415268
60 95 -62.283724
61 94 -66.939931
62 93 -70.190819
63 92 -71.818092
64 91 -72.06988
65 90 -71.25005
66 89 -69.15555
67 88 -66.039539
68 87 -62.209189
69 86 -56.625913
70 85 -50.502608
71 84 -42.545047
72 83 -34.17
73 82 -23.928
57 99 -33.05
58 98 -44.82
59 97 -51.568
60 96 -60.473644
61 95 -64.163644
62 94 -69.36043
63 93 -70.082548
64 92 -72.534914
65 91 -70.090797
66 90 -70.528964
67 89 -65.478964
68 88 -64.211709
69 87 -56.83455
70 86 -53.265721
71 85 -43.699544
72 84 -37.816896
73 83 -25.861
58 99 -39.93
59 98 -48.54
60 97 -56.461543
61 96 -62.297043
62 95 -66.677577
63 94 -69.458908
64 93 -70.823473
65 92 -70.76343
66 91 -69.424558
67 90 -66.832832
68 89 -63.413639
69 88 -58.709273
70 87 -53.421898
71 86 -46.440523
72 85 -38.903
73 84 -29.59333
74 83 -19.47
58 100 -36.66
59 99 -44.33
60 98 -54.055
61 97 -59.089209
62 96 -65.250243
63 95 -67.255188
64 94 -70.689546
65 93 -69.470668
66 92 -70.407349
67 91 -66.187593
68 90 -65.303808
69 89 -58.703194
70 88 -56.010237
71 87 -47.21219
72 86 -42.10239
73 85 -31.167
74 84 -23.633
59 100 -41.088
60 99 -49.807
61 98 -56.55428
62 97 -62.207775
63 96 -66.043285
64 95 -68.561436
65 94 -69.532363
66 93 -69.167134
67 92 -67.329534
68 91 -64.561034
69 90 -60.570398
70 89 -55.838606
71 88 -49.708604
72 87 -42.8526
73 86 -34.439148
74 85 -25.295
75 84 -14.745
59 101 -36.52
60 100 -47.134
61 99 -53.002
62 98 -60.234793
63 97 -63.480463
64 96 -67.941741
65 95 -67.836257
66 94 -69.67273
67 93 -66.38273
68 92 -66.064228
69 91 -60.302028
70 90 -58.162706
71 89 -50.269937
72 88 -45.938943
73 87 -35.823695
74 86 -29.326455
75 85 -16.739
60 101 -42.588
61 100 -50.235
62 99 -56.671962
63 98 -61.791524
64 97 -65.505824
65 96 -67.461589
66 95 -68.055801
67 94 -67.19727
68 93 -65.201608
69 92 -61.898708
70 91 -57.8394
71 90 -52.562344
72 89 -46.314672
73 88 -38.778997
74 87 -30.555
75 86 -20.840203
76 85 -9.979
60 102 -39.55
61 101 -46.37
62 100 -54.53
63 99 -58.703401
64 98 -64.280401
65 97 -65.675958
66 96 -68.181478
67 95 -66.041541
68 94 -66.334519
69 93 -61.477791
70 92 -59.826347
71 91 -52.831753
72 90 -49.169008
73 89 -39.780194
74 88 -33.999207
75 87 -22.501
76 86 -14.44
61 102 -43.249
62 101 -50.72
63 100 -56.484886
64 99 -61.313886
65 98 -64.596071
66 97 -66.38117
67 96 -66.378335
68 95 -65.167723
69 94 -62.728723
70 93 -59.299094
71 92 -54.791409
72 91 -49.263682
73 90 -42.534629
74 89 -34.908193
75 88 -26.002244
76 87 -16.192
61 103 -38.87
62 102 -48.102
63 101 -53.381
64 100 -59.774
65 99 -62.077965
66 98 -65.967965
67 97 -64.981503
68 96 -65.94289
69 95 -61.904035
70 94 -61.017418
71 93 -54.64237
72 92 -51.818505
73 91 -43.2828
74 90 -38.235759
75 89 -27.472436
76 88 -20.422106
77 87 -7.344
62 103 -43.808
63 102 -50.724
64 101 -56.453
65 100 -60.566
66 99 -63.612606
67 98 -64.899006
68 97 -64.52161
69 96 -62.929621
70 95 -60.295382
71 94 -56.442242
72 93 -51.635507
73 92 -45.847853
74 91 -38.861022
75 90 -30.659776
76 89 -21.795
77 88 -11.593
62 104 -40.73
63 103 -47.208
64 102 -54.53
65 101 -57.884789
66 100 -62.584789
67 99 -63.071329
68 98 -64.926042
69 97 -61.888375
70 96 -61.59574
71 95 -56.020981
72 94 -53.858983
73 93 -46.097775
74 92 -41.888031
75 91 -31.893478
76 90 -25.431517
77 89 -13.354
78 88 -4.73
63 104 -44.01
64 103 -50.813
65 102 -55.927
66 101 -59.930626
67 100 -62.280626
68 99 -63.29118
69 98 -62.543641
70 97 -60.590576
71 96 -57.501125
72 95 -53.467756
73 94 -48.351059
74 93 -42.098058
75 92 -34.831
76 91 -26.501993
77 90 -17.07244
78 89 -6.612
63 105 -39.74
64 104 -48.363
65 103 -52.723
66 102 -58.559566
67 101 -60.061171
68 100 -62.991171
69 99 -61.312921
70 98 -61.581901
71 97 -57.06785
72 96 -55.360552
73 95 -48.393908
74 94 -44.893109
75 93 -35.794885
76 92 -29.995213
77 91 -18.666226
78 90 -11.00746
64 105 -44.153
65 104 -50.329
66 103 -55.597177
67 102 -58.797177
68 101 -60.923104
69 100 -61.275212
70 99 -60.377563
71 98 -58.084563
72 97 -54.716889
73 96 -50.29043
74 95 -44.917873
75 94 -38.409232
76 93 -30.722691
77 92 -22.093839
78 91 -12.512
79 90 -1.788
64 106 -41.38
65 105 -46.724
66 104 -53.663
67 103 -56.238681
68 102 -60.108681
69 101 -59.795853
70 100 -60.763919
71 99 -57.306224
72 98 -56.253854
73 97 -50.137665
74 96 -47.290832
75 95 -38.913193
76 94 -33.926247
77 93 -23.36
78 92 -16.299193
79 91 -3.752
65 106 -44.032
66 105 -50.189
67 104 -54.518956
68 103 -57.718956
69 102 -59.210298
70 101 -59.30681
71 100 -57.828395
72 99 -55.431345
73 98 -51.720273
74 97 -47.08609
75 96 -41.25028
76 95 -34.301942
77 94 -26.412025
78 93 -17.469702
79 92 -7.562295
80 91 3.48
65 107 -39.85
66 106 -48.009
67 105 -51.484
68 104 -56.483612
69 103 -57.374379
70 102 -59.255446
71 101 -56.73598
72 100 -56.402226
73 99 -51.329977
74 98 -49.097186
75 97 -41.537106
76 96 -37.243842
77 95 -27.379369
78 94 -21.10692
79 93 -9.318006
80 92 -1.058744
66 107 -43.939
67 106 -49.351
68 105 -53.654
69 104 -56.256059
70 103 -57.551225
71 102 -56.880916
72 101 -55.411784
73 100 -52.396538
74 99 -48.727383
75 98 -43.553865
76 97 -37.438257
77 96 -30.268435
78 95 -21.942911
79 94 -12.83244
80 93 -2.71
66 108 -41.37
67 107 -45.69
68 106 -51.949
69 105 -53.864512
70 104 -56.944512
71 103 -55.570195
72 102 -55.844481
73 101 -51.740766
74 100 -50.227088
75 99 -43.673096
76 98 -39.995416
77 97 -30.863492
78 96 -25.318163
79 95 -14.235
80 94 -6.641009
67 108 -43.203
68 107 -48.652
69 106 -52.310549
70 105 -54.695549
71 104 -55.165582
72 103 -54.481662
73 102 -52.408647
74 101 -49.632795
75 100 -45.288307
76 99 -40.105376
77 98 -33.394506
78 97 -25.713466
79 96 -17.403955
80 95 -7.972576
67 109 -39.29
68 108 -46.631
69 107 -49.371314
70 106 -53.491314
71 105 -53.382236
72 104 -54.576321
73 103 -51.365374
74 102 -50.641603
75 101 -45.062885
76 100 -42.09794
77 99 -33.878326
78 98 -28.933867
79 97 -18.520963
80 96 -11.78495
81 95 0.581594
68 109 -42.858
69 108 -47.469
70 107 -50.986397
71 106 -52.383806
72 105 -52.880616
73 104 -51.714616
74 103 -49.701726
75 102 -46.26917
76 101 -41.956462
77 100 -36.047421
78 99 -29.370444
79 98 -21.545103
80 97 -12.782542
81 96 -3.340526
68 110 -40.26
69 109 -44.116
70 108 -49.695475
71 107 -50.337784
72 106 -52.435236
73 105 -50.598
74 104 -50.406936
75 103 -45.653453
76 102 -43.54427
77 101 -36.251884
78 100 -31.997519
79 99 -22.303743
80 98 -16.315901
81 97 -4.79
82 96 3.574294
69 110 -41.601
70 109 -46.537
71 108 -49.058918
72 107 -50.462907
73 106 -50.357323
74 105 -49.295127
75 104 -46.58428
76 103 -43.019495
77 102 -38.081714
78 101 -32.268145
79 100 -24.988567
80 99 -16.928134
81 98 -8.268495
82 97 2.050639
69 111 -37.92
70 110 -44.6
71 109 -46.676348
72 108 -49.779348
73 107 -48.932877
74 106 -49.636115
75 105 -45.837359
76 104 -44.35781
77 103 -37.977526
78 102 -34.435877
79 101 -25.625509
80 100 -20.250447
81 99 -9.386647
82 98 -1.94138
69 112 -35.17
70 111 -41.088
71 110 -44.79741
72 109 -47.402831
73 108 -48.438311
74 107 -48.233818
75 106 -46.517391
76 105 -43.549963
77 104 -39.463028
78 103 -34.381511
79 102 -27.871136
80 101 -20.661136
81 100 -12.798735
82 99 -3.11735
70 112 -38.82
71 111 -41.88
72 110 -46.049508
73 109 -46.429934
74 108 -48.24606
75 107 -45.44606
76 106 -44.609104
77 105 -39.051679
78 104 -36.168449
79 103 -28.300768
80 102 -23.576922
81 101 -13.327927
82 100 -6.825112
70 113 -35.1
71 112 -39.71611
72 111 -43.282796
73 110 -45.292796
74 109 -46.36558
75 108 -45.80958
76 107 -43.664043
77 106 -40.203311
78 105 -35.772487
79 104 -30.191483
80 103 -23.804674
81 102 -16.587257
82 101 -7.575218
70 114 -32.54
71 113 -36.412
72 112 -41.499373
73 111 -42.839373
74 110 -45.705373
75 109 -44.219634
76 108 -44.252533
77 107 -39.610851
78 106 -37.334243
79 105 -30.31871
80 104 -26.348965
81 103 -16.883242
82 102 -11.051522
83 101 1.063068
70 115 -28.5
71 114 -33.888
72 113 -38.3198
73 112 -41.394293
74 111 -43.387793
75 110 -43.819027
76 109 -42.80588
77 108 -40.335553
78 107 -36.68814
79 106 -31.858143
80 105 -26.183666
81 104 -19.757741
82 103 -11.54122
83 102 -2.236
71 115 -30.21
72 114 -36.42421
73 113 -38.607528
74 112 -42.508528
75 111 -41.927086
76 110 -42.999943
77 109 -39.172346
78 108 -37.864443
79 107 -31.714852
80 106 -28.539097
81 105 -19.886613
82 104 -14.682026
83 103 -3.146212
84 102 4.100974
71 116 -27.58
72 115 -32.817
73 114 -36.895546
74 113 -39.90397
75 112 -41.216478
76 111 -41.218945
77 110 -39.549372
78 109 -36.68505
79 108 -33.027838
80 107 -28.11793
81 106 -22.444587
82 105 -14.986959
83 104 -6.383271
84 103 2.828597
71 117 -23.79
72 116 -30.879
73 115 -33.61203
74 114 -38.667811
75 113 -39.016811
76 112 -41.137233
77 111 -38.344907
78 110 -37.820929
79 109 -32.371308
80 108 -30.201914
81 107 -22.3364
82 106 -17.815202
83 105 -7.194687
84 104 -0.544313
72 117 -27.162
73 116 -31.829
74 115 -35.617536
75 114 -37.979043
76 113 -38.986745
77 112 -38.449586
78 111 -36.469348
79 110 -33.581955
80 109 -29.626401
81 108 -24.6161
82 107 -17.844035
83 106 -10.06466
84 105 -1.422005
72 118 -25.03
73 117 -28.513
74 116 -34.382313
75 115 -35.63583
76 114 -38.707771
77 113 -36.753544
78 112 -37.30645
79 111 -32.833533
80 110 -31.370697
81 109 -24.372027
82 108 -20.416645
83 107 -10.599579
84 106 -4.563837
73 118 -26.492
74 117 -31.176173
75 116 -34.350296
76 115 -36.395185
77 114 -36.708756
78 113 -35.698237
79 112 -33.797904
80 111 -30.591896
81 110 -26.282945
82 109 -20.231118
83 108 -13.239347
84 107 -5.068735
85 106 3.863917
73 119 -23.064
74 118 -29.649
75 117 -31.588825
76 116 -35.882191
77 115 -34.835561
78 114 -36.288457
79 113 -32.772116
80 112 -32.011553
81 111 -25.872246
82 110 -22.55602
83 109 -13.534535
84 108 -8.070661
85 107 2.925854
73 120 -20.87
74 119 -26.287
75 118 -30.231638
76 117 -33.394289
77 116 -34.536235
78 115 -34.479608
79 114 -33.404821
80 113 -31.062179
81 112 -27.477212
82 111 -22.19449
83 110 -15.884559
84 109 -8.325318
85 108 -0.06732
86 107 9.042911
73 121 -17.3
74 120 -24.526
75 119 -27.237
76 118 -32.435108
77 117 -32.531708
78 116 -34.76007
79 115 -32.211936
80 114 -32.183945
81 113 -26.937491
82 112 -24.20794
83 111 -16.028811
84 110 -11.004655
85 109 -0.720163
86 108 5.723495
74 121 -21.01
75 120 -25.579
76 119 -29.511593
77 118 -31.692251
78 117 -32.793849
79 116 -32.567031
80 115 -31.013393
81 114 -28.155248
82 113 -23.707693
83 112 -18.025561
84 111 -11.056259
85 110 -3.470295
86 109 5.050281
74 122 -18.88
75 121 -22.542
76 120 -28.277105
77 119 -29.435493
78 118 -32.64451
79 117 -31.138706
80 116 -31.825941
81 115 -27.496592
82 114 -25.348312
83 113 -18.009031
84 112 -13.473042
85 111 -3.914677
86 110 1.970991
74 123 -15.14
75 122 -20.502
76 121 -25.309
77 120 -28.264105
78 119 -30.41975
79 118 -31.139738
80 117 -30.540229
81 116 -28.341649
82 115 -24.745401
83 114 -19.687191
84 113 -13.35799
85 112 -6.35525
86 111 1.510353
87 110 10.253971
75 123 -17.139
76 122 -23.837
77 121 -25.821
78 120 -29.903999
79 119 -29.580781
80 118 -30.95431
81 117 -27.528746
82 116 -26.067489
83 115 -19.369486
84 114 -15.473352
85 113 -6.714513
86 112 -1.230358
87 111 9.574024
75 124 -14.86
76 123 -20.484
77 122 -24.398515
78 121 -27.388682
79 120 -29.093741
80 119 -29.546068
81 118 -28.059394
82 117 -25.231804
83 116 -20.797566
84 115 -15.208483
85 114 -8.823372
86 113 -1.499451
87 112 6.771393
76 124 -18.779
77 123 -21.611
78 122 -26.59916
79 121 -27.240092
80 120 -29.50327
81 119 -27.04723
82 118 -26.251054
83 117 -20.370755
84 116 -16.941761
85 115 -8.987892
86 114 -4.004765
87 113 6.132498
76 125 -15.239
77 124 -19.897
78 123 -23.740714
79 122 -26.400714
80 121 -27.662542
81 120 -27.180838
82 119 -25.271036
83 118 -21.416433
84 117 -16.521185
85 116 -10.789438
86 115 -4.072324
87 114 3.588577
88 113 11.936801
76 126 -13.087
77 125 -16.776
78 124 -22.692125
79 123 -24.352979
80 122 -27.345324
81 121 -25.980216
82 120 -25.940614
83 119 -20.741484
84 118 -17.941616
85 117 -10.590732
86 116 -6.274635
87 115 3.096237
88 114 9.074861
76 127 -7.64
77 126 -14.69
78 125 -19.627
79 124 -23.143436
80 123 -25.269265
81 122 -25.761377
82 121 -24.786557
83 120 -21.524827
84 119 -17.310889
85 118 -12.162557
86 117 -6.153699
87 116 0.876417
88 115 8.661726
77 127 -9.688
78 126 -17.922
79 125 -20.65
80 124 -24.690145
81 123 -24.346145
82 122 -25.109892
83 121 -20.645896
84 120 -18.341244
85 119 -11.875433
86 118 -7.970193
87 117 0.60731
88 116 6.056787
77 128 -5.96
78 127 -12.966
79 126 -18.77
80 125 -22.28774
81 124 -23.820874
82 123 -23.770239
83 122 -21.064504
84 121 -17.521398
85 120 -12.971946
86 119 -7.709786
87 118 -1.309813
88 117 5.838991
89 116 14.106693
78 128 -9.632
79 127 -14.215
80 126 -20.945801
81 125 -22.253367
82 124 -23.785584
83 123 -20.028278
84 122 -18.188674
85 121 -12.429718
86 120 -9.132965
87 119 -1.242416
88 118 3.565539
89 117 13.479452
78 129 -4.54
79 128 -10.81
80 127 -16.487444
81 126 -21.034451
82 125 -22.452047
83 124 -20.054627
84 123 -17.145775
85 122 -13.227416
86 121 -8.634762
87 120 -2.844341
88 119 3.544485
89 118 11.146233
78 130 -0.99
79 129 -6.101
80 128 -13.265406
81 127 -16.750132
82 126 -21.748598
83 125 -18.870223
84 124 -17.469596
85 123 -12.469871
86 122 -9.655591
87 121 -2.665919
88 120 1.727856
89 119 10.753235
90 118 16.68373
79 130 -2.54
80 129 -8.644
81 128 -13.644757
82 127 -17.614646
83 126 -18.258662
84 125 -16.366092
85 124 -12.882613
86 123 -8.941049
87 122 -3.769572
88 121 1.858219
89 120 8.843809
90 119 16.367
79 131 2.329
80 130 -5.365
81 129 -9.246969
82 128 -14.728502
83 127 -14.791979
84 126 -15.953137
85 125 -11.972177
86 124 -9.60477
87 123 -3.333205
88 122 0.442792
89 121 8.789699
90 120 14.059446
80 131 -0.624
81 130 -6.077998
82 129 -10.492948
83 128 -11.859131
84 127 -12.432571
85 126 -11.647264
86 125 -8.755404
87 124 -4.140249
88 123 0.832023
89 122 7.202214
90 121 13.910171
91 120 22.08
80 132 2.757
81 131 -1.551
82 130 -7.54885
83 129 -8.117954
84 128 -10.369487
85 127 -8.628221
86 126 -8.659608
87 125 -3.515968
88 124 -0.198968
89 123 7.277298
90 122 12.110808
91 121 21.593358
80 133 7.666
81 132 1.783811
82 131 -3.203532
83 130 -5.231635
84 129 -6.653584
85 128 -6.579595
86 127 -5.696026
87 126 -3.552848
88 125 0.345557
89 124 6.154692
90 123 12.120086
91 122 19.662625
80 134 11.178
81 133 6.465
82 132 -0.182769
83 131 -1.200753
84 130 -4.470046
85 129 -3.379831
86 128 -4.319742
87 127 -0.958707
88 126 0.092734
89 125 6.443854
90 124 10.694885
91 123 19.485515
80 135 16.208
81 134 9.911
82 133 4.342244
83 132 1.629322
84 131 -0.541706
85 130 -1.255756
86 129 -1.168561
87 128 0.318065
88 127 2.533739
89 126 6.030615
90 125 10.921586
91 124 17.863939
92 123 24.923087
80 136 19.859
81 135 14.718
82 134 7.48
83 133 5.873991
84 132 1.78242
85 131 2.256666
86 130 0.252868
87 129 2.97095
88 128 3.291077
89 127 8.144395
90 126 10.298332
91 125 17.799214
92 124 23.066351
81 136 18.313
82 135 12.24
83 134 8.729962
84 133 5.883518
85 132 4.394635
86 131 3.658501
87 130 4.31459
88 129 5.889656
89 128 8.703673
90 127 12.20578
91 126 17.06841
92 125 22.973
81 137 23.18
82 136 15.453
83 135 13.216037
84 134 8.356901
85 133 8.098162
86 132 5.217347
87 131 7.059117
88 130 6.65117
89 129 10.843609
90 128 12.366741
91 127 18.68377
92 126 21.894608
82 137 20.279
83 136 16.283
84 135 12.681359
85 134 10.396076
86 133 8.829402
87 132 8.617767
88 131 9.394282
89 130 11.56948
90 129 14.47139
91 128 18.540131
92 127 23.286569
93 126 29.456655
82 138 23.669
83 137 20.819
84 136 15.263461
85 135 14.375747
86 134 10.612077
87 133 11.48232
88 132 10.270245
89 131 13.743682
90 130 14.6691
91 129 20.218
92 128 22.933
93 127 30.311
83 138 24.098
84 137 19.773755
85 136 16.782727
86 135 14.47142
87 134 13.27729
88 133 12.963811
89 132 14.523109
90 131 16.940371
91 130 20.376288
92 129 24.519995
93 128 29.85
83 139 28.729
84 138 22.486265
85 137 20.953026
86 136 16.372206
87 135 16.378105
88 134 14.320188
89 133 16.621474
90 132 17.203111
91 131 22.155
92 130 24.272827
93 129 31.019
83 140 32.137
84 139 27.079
85 138 23.428006
86 137 20.389739
87 136 18.382394
88 135 17.233309
89 134 17.825882
90 133 19.385831
91 132 22.320676
92 131 25.837006
93 130 30.6
83 141 36.83
84 140 29.91
85 139 27.711015
86 138 22.445098
87 137 21.748616
88 136 18.825917
89 135 20.234135
90 134 19.993734
91 133 23.862278
92 132 25.722252
93 131 31.876
84 141 34.53
85 140 30.395
86 139 26.534141
87 138 23.82061
88 137 21.993109
89 136 21.637346
90 135 22.310127
91 134 24.340725
92 133 27.379921
93 132 31.587704
84 142 37.549
85 141 34.614
86 140 28.747192
87 139 27.520539
88 138 23.667824
89 137 24.309264
90 136 23.197634
91 135 26.033276
92 134 27.328869
93 133 32.777
84 143 42.281
85 142 37.483
86 141 32.885834
87 140 29.682445
88 139 27.177711
89 138 25.84958
90 137 25.804823
91 136 26.831198
92 135 29.045462
93 134 32.56208
94 133 36.77
85 143 41.684
86 142 35.243465
87 141 33.384221
88 140 28.940268
89 139 28.894728
90 138 26.770984
91 137 28.923586
92 136 29.222226
93 135 33.595694
94 134 36.08737
85 144 44.823
86 143 39.3624
87 142 35.668262
88 141 32.561963
89 140 30.689933
90 139 29.585583
91 138 29.896908
92 137 31.210554
93 136 33.779675
94 135 37.39559
95 134 42.15002
86 144 42.048
87 143 39.486768
88 142 34.516306
89 141 33.838383
90 140 30.862593
91 139 32.173607
92 138 31.615002
93 137 35.236291
94 136 36.934392
95 135 42.932
86 145 46.454
87 144 42.080575
88 143 38.216486
89 142 35.762849
90 141 33.815891
91 140 33.424404
92 139 33.806015
93 138 35.624513
94 137 38.309005
95 136 42.41
96 135 47.27
87 145 46.072834
88 144 40.496953
89 143 39.154419
90 142 35.446784
91 141 35.946633
92 140 34.60953
93 139 37.36
94 138 38.36314
95 137 43.34
96 136 46.312
87 146 48.920051
88 145 44.33406
89 144 41.308033
90 143 38.731715
91 142 37.489472
92 141 36.919176
93 140 37.94859
94 139 40.051769
95 138 43.263
96 137 47.294006
97 136 52.861
88 146 46.930629
89 145 44.84119
90 144 40.613009
91 143 40.338921
92 142 38.145025
93 141 39.954871
94 140 40.349971
95 139 44.461
96 138 46.724633
97 137 53.455
88 147 51.13
89 146 47.357155
90 145 44.017749
91 144 42.288896
92 143 40.918846
93 142 41.043108
94 141 42.18241
95 140 44.625429
96 139 48.034
97 138 52.704
89 147 51.220992
90 146 46.255198
91 145 45.33395
92 144 42.444644
93 143 43.378178
94 142 42.901593
95 141 46.041
96 140 47.855045
97 139 53.542
89 148 54.02
90 147 49.955092
91 146 47.527619
92 145 45.390194
93 144 44.871659
94 143 45.091722
95 142 46.57
96 141 49.247085
97 140 53.188
98 139 57.938921
90 148 52.525
91 147 50.894038
92 146 47.307783
93 145 47.454656
94 144 46.163213
95 143 48.421487
96 142 49.445188
97 141 54.216
98 140 57.278
90 149 56.45
91 148 53.337
92 147 50.572718
93 146 49.311057
94 145 48.588282
95 144 49.390424
96 143 51.147025
97 142 54.25
98 141 58.269
99 140 63.556
91 149 56.91
92 148 52.715505
93 147 52.316272
94 146 50.12538
95 145 51.510169
96 144 51.724306
97 143 55.664
98 142 57.990944
99 141 64.199
91 150 59.64
92 149 56.197
93 148 54.260175
94 147 52.955175
95 146 52.934395
96 145 53.70183
97 144 56.032
98 143 59.327
99 142 63.863
100 141 69.126
92 150 58.62
93 149 57.416932
94 148 54.716932
95 147 55.468072
96 146 54.803764
97 145 57.734
98 144 59.386966
99 143 64.801
100 142 68.4
92 151 62.36
93 150 59.876
94 149 57.754602
95 148 57.175046
96 147 57.181998
97 146 58.689693
98 145 60.99
99 144 64.747
100 143 69.387
93 151 63.202
94 150 59.806028
95 149 59.879196
96 148 58.451896
97 147 60.713885
98 146 61.478179
99 145 66.026
100 144 68.966
93 152 65.89
94 151 63.178179
95 150 61.900469
96 149 61.00458
97 148 61.813836
98 147 63.38521
99 146 66.366
100 145 70.187
101 144 75.272
94 152 65.394801
95 151 64.994
96 150 62.616967
97 149 63.966967
98 148 64.090292
99 147 67.901
100 146 70.188833
101 145 76.115
94 153 69.108
95 152 67.153
96 151 65.533143
97 150 65.489562
98 149 66.103903
99 148 68.578388
100 147 71.673
101 146 75.937
95 153 70.563
96 152 67.392755
97 151 68.08
98 150 67.238012
99 149 70.299
100 148 71.897857
101 147 77.148
102 146 80.621
95 154 73.104
96 153 70.750702
97 152 69.846384
98 151 69.722784
99 150 71.175
100 149 73.519188
101 148 77.232
102 147 81.782
96 154 72.989594
97 153 72.949978
98 152 71.170391
99 151 73.225
100 150 74.072243
101 149 78.63
102 148 81.564
96 155 76.648018
97 154 75.228018
98 153 74.135018
99 152 74.512277
100 151 75.953919
101 150 78.966744
102 149 82.849
103 148 87.728
96 156 79.056
97 155 78.535
98 154 76.034617
99 153 77.294617
100 152 76.815627
101 151 80.51
102 150 82.871427
103 149 88.737
97 156 80.929
98 155 79.301567
99 154 79.010538
100 153 79.34574
101 152 81.173
102 151 84.358735
103 150 88.575
104 149 93.557
97 157 84.393
98 156 81.341401
99 155 81.990594
100 154 80.902794
101 153 83.453
102 152 84.723347
103 151 89.871
104 150 93.199
98 157 84.809
99 156 84.089274
100 155 83.799654
101 154 84.84307
102 153 86.807234
103 152 89.9473
104 151 94.33
105 150 99.593
98 158 87.041
99 157 87.187
100 156 85.486817
101 155 87.456
102 154 87.822062
103 153 91.746598
104 152 94.222049
105 151 100.498
99 158 89.403
100 157 88.590033
101 156 88.993053
102 155 90.247256
103 154 92.665
104 153 95.866427
105 152 100.207
99 159 92.702
100 158 90.426
101 157 91.686792
102 156 91.478
103 155 94.782
104 154 96.341036
105 153 101.797
106 152 105.244
100 159 93.704
101 158 93.624
102 157 94.078569
103 156 95.852
104 155 98.362
105 154 101.991016
106 153 106.52
100 160 95.766
101 159 96.552
102 158 95.612
103 157 98.277
104 156 99.147
105 155 103.673
106 154 106.547552
107 153 113.323
101 160 98.578
102 159 98.455
103 158 99.558
104 157 101.318594
105 156 104.308
106 155 108.005043
107 154 113.133
101 161 101.627
102 160 100.101
103 159 102.102
104 158 102.393
105 157 106.253
106 156 108.365771
107 155 114.541
102 161 103.129
103 160 103.729
104 159 104.756
105 158 107.111
106 157 110.19
107 156 114.496
108 155 119.678
102 162 105.011
103 161 106.377
104 160 106.077
105 159 109.362
106 158 110.782
107 157 116.058
108 156 119.563222
103 162 108.233
104 161 108.69
105 160 110.483
106 159 112.794
107 158 116.415
108 157 120.900283
109 156 126.678
103 163 111.622
104 162 110.076
105 161 112.737
106 160 113.618
107 159 118.104
108 158 121.136373
109 157 127.962
104 163 113.444
105 162 114.074
106 161 115.806
107 160 118.766
108 159 122.653
109 158 127.791
110 157 133.88
104 164 115.476
105 163 117.062
106 162 116.802
107 161 120.807
108 160 122.83
109 159 129.151
110 158 133.648
105 164 119.148
106 163 119.763
107 162 121.478
108 161 124.564
109 160 129.37
110 159 134.834709
105 165 122.307
106 164 121.491
107 163 124.226
108 162 125.112
109 161 130.71
110 160 134.678282
106 165 124.757
107 164 125.921
108 163 127.74
109 162 131.101
110 161 135.948
106 166 126.58
107 165 128.789
108 164 129.006
109 163 133.581
110 162 136.015
111 161 142.773
106 167 130.018
107 166 130.633
108 165 131.89
109 164 134.713
110 163 138.356
111 162 142.695
107 167 133.682
108 166 133.486
109 165 137.246
110 164 139.197
111 163 144.613
107 168 135.691
108 167 136.62
109 166 138.829
110 165 141.565
111 164 145.296
108 168 138.285
109 167 141.315
110 166 142.541
111 165 147.486
112 164 150.352
108 169 141.493
109 168 142.968
110 167 145.14
111 166 148.338
112 165 152.403
109 169 145.736
110 168 146.381
111 167 150.517
112 166 152.932
113 165 158.889
109 170 147.496
110 169 149.126
111 168 151.775
112 167 155.03
113 166 159.239
110 170 150.52
111 169 153.886
112 168 155.696
113 167 161.14
110 171 153.431
111 170 155.297
112 169 158.019
113 168 161.81
111 171 157.8
112 170 158.976
113 169 163.725
111 172 159.281
112 171 161.486
113 170 164.707
112 172 162.545
113 171 166.591
114 170 168.921
112 173 165.173
113 172 167.731
114 171 171.003
113 173 170.014
114 172 171.773
113 174 171.245
114 173 174.073
115 172 177.895
114 174 175.042
115 173 179.771
114 175 177.564
115 174 180.666
116 173 184.528
115 175 182.894
116 174 185.198
115 176 183.99
116 175 187.387
117 174 191.8
116 176 188.242
117 175 193.576
116 177 190.669
117 176 194.385
118 175 198.873
117 177 196.521
118 176 199.463
118 177 201.512
