1   0 7.28897
1   1 13.1357
1   2 14.9498
1   3 24.62
1   4 32.89
1   5 41.88
1   6 49.14
2   1 14.9312
2   2 2.42492
2   3 11.231
2   4 17.5921
2   5 26.073
2   6 31.6097
2   7 40.94
2   8 49.17
3   0 28.67
3   1 25.32
3   2 11.68
3   3 14.0869
3   4 14.9071
3   5 20.9458
3   6 24.9549
3   7 33.053
3   8 40.7283
3   9 48.92
3  10 58.34
4   1 37.14
4   2 18.375
4   3 15.769
4   4 4.94167
4   5 11.3484
4   6 12.6075
4   7 20.1772
4   8 25.0778
4   9 33.659
4  10 39.95
4  11 49.76
4  12 57.45
5   1 47.32
5   2 27.677
5   3 22.9216
5   4 12.4165
5   5 12.0507
5   6 8.6679
5   7 13.3694
5   8 16.5621
5   9 23.664
5  10 28.958
5  11 37.112
5  12 43.77
5  13 51.85
5  14 58.78
5  15 67.13
5  16 75.72
6   2 35.064
6   3 28.911
6   4 15.6988
6   5 10.6503
6   6 0
6   7 3.12501
6   8 3.01989
6   9 9.8731
6  10 13.694
6  11 21.031
6  12 24.92
6  13 32.41
6  14 37.56
6  15 45.64
6  16 53.59
6  17 64.17
7   3 38.8
7   4 24.3
7   5 17.3381
7   6 5.34548
7   7 2.86342
7   8 0.101439
7   9 5.6839
7  10 7.87
7  11 13.113
7  12 15.856
7  13 21.77
7  14 25.25
7  15 32.04
7  16 38.32
7  17 46.94
7  18 55.98
8   4 31.915
8   5 23.115
8   6 8.00746
8   7 2.8556
8   8 -4.737
8   9 -0.808764
8  10 -0.782816
8  11 3.3329
8  12 3.7962
8  13 8.062
8  14 9.28
8  15 14.62
8  16 18.5
8  17 27.35
8  18 34.73
8  19 44.45
8  20 52.08
9   5 31.96
9   6 16.81
9   7 10.68
9   8 1.9517
9   9 0.8731
9  10 -1.48744
9  11 -0.017463
9  12 -0.0476
9  13 2.793
9  14 3.31
9  15 7.56
9  16 11.36
9  17 18.67
9  18 24.63
9  19 32.92
9  20 39.63
9  21 48.11
9  22 55.62
10   6 23.986
10   7 16.5005
10   8 5.3176
10   9 1.75205
10  10 -7.04193
10  11 -5.73178
10  12 -8.02471
10  13 -5.15404
10  14 -5.9516
10  15 -2.06
10  16 0.479
10  17 7.04
10  18 11.29
10  19 18.4
10  20 23.04
10  21 30.82
10  22 37
10  23 46
10  24 52.84
11   7 25.04
11   8 12.929
11   9 6.8506
11  10 -2.18464
11  11 -5.18152
11  12 -9.52985
11  13 -8.41796
11  14 -9.3578
11  15 -6.861
11  16 -5.518
11  17 -0.988
11  18 2.68
11  19 8.475
11  20 12.261
11  21 18.81
11  22 23.97
11  23 31.29
11  24 37.84
11  25 45.91
11  26 53.14
12   7 31.83
12   8 17.559
12   9 10.914
12  10 -0.3999
12  11 -5.4733
12  12 -13.9336
12  13 -13.1928
12  14 -16.2145
12  15 -14.5866
12  16 -15.0187
12  17 -10.603
12  18 -8.884
12  19 -3.122
12  20 -0.829
12  21 4.9622
12  22 8.323
12  23 15.64
12  24 20.38
12  25 28.29
12  26 34.07
12  27 42.28
12  28 48.61
13   8 26.99
13   9 18.2
13  10 6.7481
13  11 -0.0476
13  12 -8.9162
13  13 -12.2101
13  14 -17.1968
13  15 -16.8505
13  16 -18.2047
13  17 -15.872
13  18 -14.955
13  19 -11.099
13  20 -8.47
13  21 -3.07
13  22 -0.22
13  23 5.95
13  24 9.81
13  25 16.21
13  26 21
13  27 27.97
13  28 33.89
13  29 40.84
13  30 47.94
14   8 33.34
14   9 23.7
14  10 10.744
14  11 3.827
14  12 -7.14098
14  13 -12.3844
14  14 -21.4928
14  15 -21.8951
14  16 -24.433
14  17 -22.949
14  18 -24.0777
14  19 -20.5143
14  20 -19.957
14  21 -14.36
14  22 -12.39
14  23 -6.59
14  24 -4.17
14  25 2.32
14  26 5.43
14  27 12.12
14  28 16.56
14  29 23.1
14  30 28.51
14  31 37.21
15   9 33.32
15  10 19.74
15  11 10.97
15  12 -0.722
15  13 -7.1477
15  14 -16.9525
15  15 -20.2006
15  16 -24.4405
15  17 -24.3049
15  18 -26.3373
15  19 -24.5487
15  20 -24.8578
15  21 -20.251
15  22 -19
15  23 -14.67
15  24 -12.83
15  25 -8.07
15  26 -4.98
15  27 1.01
15  28 4.68
15  29 10.44
15  30 15.32
15  31 22.78
15  32 29.24
16  10 27.08
16  11 17.03
16  12 4.07
16  13 -3.16
16  14 -14.059
16  15 -19.0425
16  16 -26.0155
16  17 -26.5859
16  18 -29.9317
16  19 -28.8462
16  20 -30.6641
16  21 -26.8964
16  22 -26.861
16  23 -23.16
16  24 -22.838
16  25 -19.009
16  26 -17.6377
16  27 -12.195
16  28 -9.204
16  29 -3.99
16  30 0.04
16  31 7.41
16  32 12.76
16  33 21.2
17  11 27.52
17  12 13.77
17  13 4.44
17  14 -7.07
17  15 -13.3347
17  16 -21.0033
17  17 -24.4401
17  18 -29.0135
17  19 -29.522
17  20 -31.7615
17  21 -29.7981
17  22 -29.8002
17  23 -27.56
17  24 -27.31
17  25 -24.91
17  26 -24.32
17  27 -20.61
17  28 -18.36
17  29 -13.81
17  30 -10.1
17  31 -4.06
17  32 1.15
17  33 8.43
17  34 14.48
18  12 21.49
18  13 11.29
18  14 -2.2004
18  15 -9.3843
18  16 -18.3783
18  17 -23.0474
18  18 -30.2315
18  19 -30.9477
18  20 -34.7148
18  21 -33.242
18  22 -35.0399
18  23 -33.0675
18  24 -34.423
18  25 -32.01
18  26 -32.6733
18  27 -29.7708
18  28 -29.73
18  29 -25.21
18  30 -22.44
18  31 -16.86
18  32 -12.92
18  33 -5.87
18  34 -0.97
18  35 6.79
19  13 21.1
19  14 7.04
19  15 -1.22
19  16 -11.1729
19  17 -17.4171
19  18 -24.8002
19  19 -28.8008
19  20 -33.8072
19  21 -33.5355
19  22 -35.5595
19  23 -35.022
19  24 -36.5754
19  25 -35.7815
19  26 -36.6156
19  27 -35.4139
19  28 -35.712
19  29 -32.2845
19  30 -29.6115
19  31 -25.728
19  32 -22.516
19  33 -16.54
19  34 -11.68
19  35 -5
19  36 0.71
19  37 7.93
20  14 13.85
20  15 4.79
20  16 -6.45
20  17 -13.1361
20  18 -22.0585
20  19 -27.2827
20  20 -34.8464
20  21 -35.1379
20  22 -38.5472
20  23 -38.4088
20  24 -41.4687
20  25 -40.8122
20  26 -43.1384
20  27 -42.3435
20  28 -44.2248
20  29 -41.2999
20  30 -39.5892
20  31 -36.339
20  32 -34.26
20  33 -28.46
20  34 -24.78
20  35 -18.35
20  36 -13.9
20  37 -6.87
20  38 -1.92
21  15 15.35
21  16 3.48
21  17 -4.55
21  18 -14.173
21  19 -20.5233
21  20 -28.6424
21  21 -32.1211
21  22 -36.1881
21  23 -37.816
21  24 -41.0712
21  25 -41.7605
21  26 -44.3356
21  27 -44.503
21  28 -46.5611
21  29 -44.548
21  30 -43.229
21  31 -40.17
21  32 -38.11
21  33 -33.6
21  34 -29.98
21  35 -24.73
21  36 -20.71
21  37 -14.88
21  38 -10.3
21  39 -4.05
21  40 0.93
22  16 10.67
22  17 2.2
22  18 -8.85
22  19 -15.698
22  20 -25.1047
22  21 -29.321
22  22 -37.5486
22  23 -39.0091
22  24 -44.127
22  25 -44.9364
22  26 -48.4917
22  27 -48.5628
22  28 -51.4307
22  29 -49.7319
22  30 -49.469
22  31 -46.83
22  32 -45.6
22  33 -41.67
22  34 -39.21
22  35 -33.87
22  36 -31.11
22  37 -25.64
22  38 -22.33
22  39 -16.35
22  40 -12.57
22  41 -5.82
23  17 11.89
23  18 0.2
23  19 -7.62
23  20 -17.92
23  21 -24.12
23  22 -31.881
23  23 -37.0746
23  24 -42.0058
23  25 -44.4768
23  26 -47.961
23  27 -49.2239
23  28 -52.2037
23  29 -51.4436
23  30 -51.85
23  31 -49.892
23  32 -49.14
23  33 -46.12
23  34 -44.23
23  35 -40.32
23  36 -37.83
23  37 -33.24
23  38 -30.51
23  39 -25.48
23  40 -21.99
23  41 -16.17
23  42 -11.64
23  43 -5.61
24  18 6.24
24  19 -2.3
24  20 -13.64
24  21 -19.51
24  22 -29.474
24  23 -34.561
24  24 -42.822
24  25 -45.3327
24  26 -50.2617
24  27 -51.4511
24  28 -55.4181
24  29 -55.2859
24  30 -56.9337
24  31 -55.1086
24  32 -55.2812
24  33 -52.5241
24  34 -51.83
24  35 -47.89
24  36 -46.5
24  37 -42.46
24  38 -40.89
24  39 -35.72
24  40 -33.46
24  41 -27.98
24  42 -24.54
24  43 -18.48
24  44 -14.88
25  19 6.66
25  20 -5.13
25  21 -12.96
25  22 -22.57
25  23 -29.32
25  24 -37.637
25  25 -42.6272
25  26 -48.2435
25  27 -50.7069
25  28 -54.689
25  29 -55.5565
25  30 -57.7117
25  31 -56.9108
25  32 -57.4861
25  33 -55.8276
25  34 -55.5253
25  35 -52.9679
25  36 -51.7421
25  37 -48.48
25  38 -46.887
25  39 -42.989
25  40 -40.967
25  41 -36.75
25  42 -33.31
25  43 -28.3
25  44 -24.54
25  45 -19.22
25  46 -15.2
26  19 13.43
26  20 0.59
26  21 -7.59
26  22 -18.42
26  23 -24.751
26  24 -34.49
26  25 -40.202
26  26 -48.332
26  27 -50.9467
26  28 -56.2539
26  29 -57.4806
26  30 -60.6064
26  31 -60.1812
26  32 -62.1545
26  33 -60.6642
26  34 -61.412
26  35 -58.9205
26  36 -58.878
26  37 -55.636
26  38 -54.97
26  39 -51.221
26  40 -50.068
26  41 -46.07
26  42 -43.83
26  43 -39.06
26  44 -36.31
26  45 -31
26  46 -28.1
26  47 -22.62
26  48 -19.24
27  20 9.85
27  21 0.87
27  22 -10.33
27  23 -17.78
27  24 -27.34
27  25 -33.99
27  26 -42.6586
27  27 -48.0093
27  28 -54.0293
27  29 -56.0398
27  30 -59.3449
27  31 -59.8466
27  32 -62.2291
27  33 -61.6497
27  34 -62.8976
27  35 -61.424
27  36 -61.851
27  37 -59.792
27  38 -59.1852
27  39 -56.409
27  40 -55.322
27  41 -51.92
27  42 -50.17
27  43 -46.92
27  44 -44.37
27  45 -39.78
27  46 -36.9
27  47 -32.46
27  48 -29.1
27  49 -24.1
28  20 16.48
28  21 7.17
28  22 -4.9
28  23 -12.94
28  24 -23.47
28  25 -29.631
28  26 -39.22
28  27 -45.3352
28  28 -53.9069
28  29 -56.0832
28  30 -60.2282
28  31 -61.1561
28  32 -64.4725
28  33 -64.2213
28  34 -66.7459
28  35 -65.5123
28  36 -67.0985
28  37 -65.1252
28  38 -66.0063
28  39 -63.7427
28  40 -63.4638
28  41 -59.979
28  42 -59.2139
28  43 -55.4062
28  44 -54.2261
28  45 -50.1082
28  46 -48.46
28  47 -44.25
28  48 -41.61
28  49 -36.75
28  50 -34.13
28  51 -27.71
29  23 -3.07
29  24 -14.35
29  25 -21.74
29  26 -31.64
29  27 -38.24
29  28 -47.3083
29  29 -51.6671
29  30 -56.3577
29  31 -58.3446
29  32 -61.9838
29  33 -62.787
29  34 -65.5793
29  35 -65.4241
29  36 -67.2635
29  37 -66.2581
29  38 -67.3188
29  39 -65.567
29  40 -65.7362
29  41 -62.9764
29  42 -62.7111
29  43 -59.783
29  44 -58.9874
29  45 -56.006
29  46 -54.4713
29  47 -50.976
29  48 -48.51
29  49 -44.5
29  50 -41.9
29  51 -36.43
29  52 -31.79
29  53 -25.67
30  24 -7.42
30  25 -14.92
30  26 -25.58
30  27 -32.55
30  28 -42.3
30  29 -47.215
30  30 -54.1737
30  31 -56.349
30  32 -61.1675
30  33 -62.2131
30  34 -66.0038
30  35 -65.9118
30  36 -68.8991
30  37 -67.8801
30  38 -70.0068
30  39 -68.4176
30  40 -69.5647
30  41 -67.3288
30  42 -68.1455
30  43 -65.5934
30  44 -65.7567
30  45 -62.5589
30  46 -62.303
30  47 -58.7892
30  48 -57.4832
30  49 -53.4323
30  50 -51.6486
30  51 -46.2
30  52 -42.61
30  53 -36.74
30  54 -32.41
30  55 -25.84
31  25 -4.32
31  26 -15.65
31  27 -23.49
31  28 -33.97
31  29 -39.78
31  30 -47.13
31  31 -51.9864
31  32 -56.5471
31  33 -58.8328
31  34 -62.6573
31  35 -63.724
31  36 -66.8789
31  37 -67.0857
31  38 -69.3278
31  39 -68.9101
31  40 -70.1391
31  41 -68.5883
31  42 -69.6993
31  43 -68.0496
31  44 -68.4646
31  45 -66.2966
31  46 -65.9923
31  47 -63.7059
31  48 -62.5477
31  49 -59.2237
31  50 -57.628
31  51 -52.9307
31  52 -49.2571
31  53 -44.28
31  54 -40.06
31  55 -34.46
31  56 -29.58
32  26 -7.71
32  27 -16.31
32  28 -27.61
32  29 -33.73
32  30 -41.9
32  31 -46.92
32  32 -54.315
32  33 -56.4782
32  34 -61.607
32  35 -62.658
32  36 -66.9788
32  37 -67.1007
32  38 -70.5618
32  39 -69.9065
32  40 -72.5859
32  41 -71.2975
32  42 -73.4224
32  43 -71.857
32  44 -73.2129
32  45 -71.2129
32  46 -71.862
32  47 -69.53
32  48 -69.5353
32  49 -66.2917
32  50 -65.4151
32  51 -60.9764
32  52 -58.148
32  53 -53.123
32  54 -49.76
32  55 -44.08
32  56 -40.14
32  57 -33.73
32  58 -29.22
33  27 -5.7
33  28 -17.59
33  29 -24.58
33  30 -33.63
33  31 -39.65
33  32 -46.94
33  33 -52.025
33  34 -56.5872
33  35 -58.8945
33  36 -63.11
33  37 -64.34
33  38 -67.893
33  39 -68.23
33  40 -70.953
33  41 -70.8601
33  42 -73.0342
33  43 -72.2914
33  44 -73.9163
33  45 -72.817
33  46 -73.636
33  47 -72.214
33  48 -72.5333
33  49 -70.103
33  50 -69.6693
33  51 -65.854
33  52 -63.189
33  53 -58.962
33  54 -55.6179
33  55 -50.72
33  56 -46.8
33  57 -41.33
33  58 -36.9
33  59 -30.98
34  30 -26.93
34  31 -33.16
34  32 -41.37
34  33 -46.58
34  34 -54.1894
34  35 -56.4347
34  36 -61.9299
34  37 -63.1465
34  38 -67.8682
34  39 -68.227
34  40 -72.2132
34  41 -72.1695
34  42 -75.252
34  43 -74.5995
34  44 -77.0259
34  45 -75.9174
34  46 -77.7595
34  47 -76.389
34  48 -77.5939
34  49 -75.341
34  50 -75.9477
34  51 -72.4136
34  52 -70.5032
34  53 -66.4261
34  54 -63.884
34  55 -58.992
34  56 -55.8
34  57 -50.34
34  58 -46.72
34  59 -40.72
34  60 -36.8
34  61 -30.46
35  32 -32.93
35  33 -38.44
35  34 -46.11
35  35 -51.426
35  36 -56.502
35  37 -59.067
35  38 -63.648
35  39 -65.288
35  40 -69.107
35  41 -70.289
35  42 -73.2348
35  43 -73.452
35  44 -76.0681
35  45 -75.889
35  46 -77.9757
35  47 -77.4973
35  48 -79.013
35  49 -77.783
35  50 -78.575
35  51 -75.632
35  52 -73.892
35  53 -70.716
35  54 -68.274
35  55 -64
35  56 -61.107
35  57 -56.233
35  58 -52.97
35  59 -47.6
35  60 -43.77
35  61 -38.16
35  62 -34.06
35  63 -28.45
36  33 -32.44
36  34 -40.95
36  35 -46.33
36  36 -53.941
36  37 -56.552
36  38 -62.3318
36  39 -64.324
36  40 -69.014
36  41 -70.1694
36  42 -74.1796
36  43 -74.442
36  44 -77.8933
36  45 -77.6948
36  46 -80.5903
36  47 -79.99
36  48 -82.4393
36  49 -81.4803
36  50 -83.2657
36  51 -80.7095
36  52 -79.6913
36  53 -76.5358
36  54 -74.9592
36  55 -70.974
36  56 -68.7693
36  57 -64.136
36  58 -61.348
36  59 -56.159
36  60 -53.08
36  61 -47.42
36  62 -44.31
36  63 -38.76
36  64 -35.05
36  65 -29.13
37  34 -32.3
37  35 -38.12
37  36 -46.08
37  37 -51.916
37  38 -57.2187
37  39 -60.4791
37  40 -64.8305
37  41 -66.935
37  42 -70.803
37  43 -72.1755
37  44 -75.457
37  45 -76.188
37  46 -79.0706
37  47 -79.759
37  48 -82.1673
37  49 -82.747
37  50 -84.5978
37  51 -82.609
37  52 -81.712
37  53 -79.365
37  54 -77.745
37  55 -74.773
37  56 -72.62
37  57 -68.5628
37  58 -65.894
37  59 -61.354
37  60 -58.5191
37  61 -54.318
37  62 -51.21
37  63 -46.55
37  64 -42.81
37  65 -37.71
37  66 -33.61
38  35 -31.95
38  36 -40.83
38  37 -46.62
38  38 -54.25
38  39 -57.803
38  40 -63.174
38  41 -65.477
38  42 -70.311
38  43 -71.528
38  44 -76.01
38  45 -76.798
38  46 -80.6496
38  47 -81.1033
38  48 -84.5232
38  49 -84.88
38  50 -87.9214
38  51 -86.2087
38  52 -85.9489
38  53 -83.652
38  54 -82.867
38  55 -80.086
38  56 -78.8457
38  57 -75.122
38  58 -72.93
38  59 -68.582
38  60 -66.426
38  61 -62.512
38  62 -59.83
38  63 -55.56
38  64 -52.36
38  65 -47.42
38  66 -44.11
38  67 -38.61
38  68 -34.79
38  69 -28.9
39  37 -38.6
39  38 -46.78
39  39 -52.53
39  40 -58.36
39  41 -61.147
39  42 -65.712
39  43 -68.063
39  44 -72.205
39  45 -73.893
39  46 -77.842
39  47 -79.283
39  48 -83.0183
39  49 -84.2988
39  50 -87.7092
39  51 -86.4949
39  52 -86.3519
39  53 -84.817
39  54 -84.228
39  55 -82.353
39  56 -81.211
39  57 -78.342
39  58 -76.127
39  59 -72.301
39  60 -70.656
39  61 -67.333
39  62 -65.067
39  63 -61.173
39  64 -58.458
39  65 -54.06
39  66 -50.82
39  67 -46.05
39  68 -42.36
39  69 -37.3
39  70 -33.2
40  38 -41.3
40  39 -47.06
40  40 -55.52
40  41 -58.4
40  42 -63.94
40  43 -65.911
40  44 -71.421
40  45 -73.174
40  46 -77.969
40  47 -79.347
40  48 -83.628
40  49 -84.876
40  50 -88.7736
40  51 -87.8962
40  52 -88.4596
40  53 -87.1227
40  54 -87.2709
40  55 -85.6616
40  56 -85.4446
40  57 -82.9484
40  58 -81.293
40  59 -77.624
40  60 -76.382
40  61 -73.171
40  62 -71.594
40  63 -67.821
40  64 -65.73
40  65 -61.471
40  66 -58.91
40  67 -54.27
40  68 -51.35
40  69 -46.19
40  70 -42.89
40  71 -37.56
40  72 -33.81
41  40 -46.95
41  41 -52.2
41  42 -58.41
41  43 -61.02
41  44 -66.28
41  45 -69.133
41  46 -73.873
41  47 -76.18
41  48 -80.625
41  49 -82.662
41  50 -86.639
41  51 -86.4537
41  52 -87.213
41  53 -86.3692
41  54 -86.7851
41  55 -85.607
41  56 -85.6081
41  57 -83.53
41  58 -82.332
41  59 -79.803
41  60 -78.888
41  61 -76.311
41  62 -75.025
41  63 -71.825
41  64 -69.912
41  65 -66.2
41  66 -63.72
41  67 -59.546
41  68 -56.62
41  69 -52.14
41  70 -48.88
41  71 -44.27
41  72 -40.51
41  73 -35.39
41  74 -31.35
42  41 -46.69
42  42 -54.5
42  43 -57.51
42  44 -64.11
42  45 -66.8848
42  46 -72.687
42  47 -75.015
42  48 -80.173
42  49 -82.209
42  50 -86.8078
42  51 -86.8063
42  52 -88.4128
42  53 -87.7106
42  54 -88.7936
42  55 -87.5436
42  56 -88.1148
42  57 -85.969
42  58 -86.1895
42  59 -83.5164
42  60 -83.57
42  61 -80.967
42  62 -80.356
42  63 -77.343
42  64 -76.141
42  65 -72.558
42  66 -70.762
42  67 -66.672
42  68 -64.549
42  69 -59.938
42  70 -57.46
42  71 -52.77
42  72 -49.81
42  73 -44.75
42  74 -41.5
42  75 -36.17
43  42 -46.03
43  43 -51.3
43  44 -57.69
43  45 -61.68
43  46 -67.395
43  47 -70.7247
43  48 -75.9863
43  49 -78.926
43  50 -83.6054
43  51 -84.157
43  52 -86.02
43  53 -85.82
43  54 -87.219
43  55 -86.431
43  56 -87.3268
43  57 -86.0199
43  58 -86.341
43  59 -84.571
43  60 -84.602
43  61 -82.507
43  62 -82.29
43  63 -79.775
43  64 -78.748
43  65 -75.921
43  66 -74.281
43  67 -71.032
43  68 -69.023
43  69 -65.255
43  70 -62.812
43  71 -58.77
43  72 -55.91
43  73 -51.46
43  74 -48.38
43  75 -43.79
43  76 -40.37
43  77 -35.52
44  43 -45.93
44  44 -54.4
44  45 -58.11
44  46 -64.884
44  47 -68.2395
44  48 -74.3012
44  49 -77.2167
44  50 -82.584
44  51 -83.456
44  52 -86.0791
44  53 -86.1193
44  54 -88.225
44  55 -87.6218
44  56 -89.2238
44  57 -87.9546
44  58 -89.1029
44  59 -87.2636
44  60 -88.0937
44  61 -85.9325
44  62 -86.322
44  63 -83.86
44  64 -83.659
44  65 -80.736
44  66 -80.071
44  67 -76.783
44  68 -75.629
44  69 -71.87
44  70 -70.222
44  71 -66.3
44  72 -64.069
44  73 -59.52
44  74 -57.26
44  75 -52.56
44  76 -50.01
44  77 -45.05
44  78 -42.41
44  79 -37.36
44  80 -34.42
45  44 -46.03
45  45 -51.96
45  46 -58.8
45  47 -62.999
45  48 -69.0118
45  49 -72.908
45  50 -78.341
45  51 -79.686
45  52 -82.6
45  53 -83.175
45  54 -85.578
45  55 -85.588
45  56 -87.411
45  57 -86.78
45  58 -88.0281
45  59 -86.9557
45  60 -87.8506
45  61 -86.362
45  62 -86.864
45  63 -85.032
45  64 -85
45  65 -82.829
45  66 -82.305
45  67 -79.73
45  68 -78.768
45  69 -75.71
45  70 -74.229
45  71 -70.74
45  72 -68.898
45  73 -64.888
45  74 -62.823
45  75 -58.82
45  76 -56.43
45  77 -52.17
45  78 -49.51
45  79 -45.17
45  80 -42.21
45  81 -37.76
46  45 -46.28
46  46 -55.07
46  47 -59.14
46  48 -66.101
46  49 -69.965
46  50 -76.182
46  51 -77.806
46  52 -81.321
46  53 -82.181
46  54 -85.227
46  55 -85.431
46  56 -87.931
46  57 -87.485
46  58 -89.395
46  59 -88.4178
46  60 -89.9074
46  61 -88.3725
46  62 -89.5244
46  63 -87.6066
46  64 -88.3315
46  65 -85.9865
46  66 -86.322
46  67 -83.591
46  68 -83.491
46  69 -80.427
46  70 -79.832
46  71 -76.425
46  72 -75.3889
46  73 -71.408
46  74 -70.2802
46  75 -66.182
46  76 -64.616
46  77 -60.42
46  78 -58.55
46  79 -54.22
46  80 -52.02
46  81 -47.44
46  82 -44.87
47  46 -46.27
47  47 -52.41
47  48 -59.6
47  49 -64.51
47  50 -70.83
47  51 -73.07
47  52 -76.712
47  53 -78.138
47  54 -81.334
47  55 -82.247
47  56 -84.8
47  57 -85.116
47  58 -87.071
47  59 -86.942
47  60 -88.4066
47  61 -87.6067
47  62 -88.7199
47  63 -87.4578
47  64 -88.2163
47  65 -86.5837
47  66 -87.027
47  67 -84.931
47  68 -84.983
47  69 -82.543
47  70 -82.182
47  71 -79.5538
47  72 -78.646
47  73 -75.652
47  74 -74.403
47  75 -71.11
47  76 -69.55
47  77 -66.2
47  78 -64.23
47  79 -60.78
47  80 -58.58
47  81 -54.9
47  82 -52.21
47  83 -45.92
48  47 -46.63
48  48 -55.57
48  49 -60.45
48  50 -67.64
48  51 -69.9311
48  52 -74.1946
48  53 -75.8365
48  54 -79.6595
48  55 -80.652
48  56 -83.9682
48  57 -84.3338
48  58 -87.132
48  59 -86.9902
48  60 -89.2526
48  61 -88.5044
48  62 -90.3488
48  63 -89.2531
48  64 -90.5758
48  65 -89.0433
48  66 -90.0148
48  67 -88.0844
48  68 -88.7126
48  69 -86.4185
48  70 -86.702
48  71 -83.98
48  72 -83.957
48  73 -81.0738
48  74 -80.6124
48  75 -77.4142
48  76 -76.7017
48  77 -73.3481
48  78 -72.2568
48  79 -68.491
48  80 -67.242
48  81 -63.51
48  82 -61.53
48  83 -55.33
48  84 -50.26
48  85 -43.92
49  48 -47.19
49  49 -53.9
49  50 -61.38
49  51 -64.31
49  52 -68.61
49  53 -70.694
49  54 -74.63
49  55 -76.183
49  56 -79.641
49  57 -80.608
49  58 -83.564
49  59 -84.12
49  60 -86.488
49  61 -86.471
49  62 -88.391
49  63 -87.991
49  64 -89.3658
49  65 -88.5684
49  66 -89.5363
49  67 -88.2497
49  68 -88.943
49  69 -87.228
49  70 -87.7
49  71 -85.73
49  72 -85.836
49  73 -83.57
49  74 -83.43
49  75 -80.87
49  76 -80.477
49  77 -77.773
49  78 -76.898
49  79 -74.15
49  80 -72.8379
49  81 -69.88
49  82 -68.0256
49  83 -62.41
49  84 -57.46
49  85 -51.66
49  86 -46.53
50  49 -47.94
50  50 -57.28
50  51 -60.31
50  52 -64.93
50  53 -66.97
50  54 -71.627
50  55 -73.338
50  56 -77.354
50  57 -78.512
50  58 -82.07
50  59 -82.631
50  60 -85.842
50  61 -85.94
50  62 -88.656
50  63 -88.3282
50  64 -90.5573
50  65 -90.0338
50  66 -91.526
50  67 -90.3978
50  68 -91.6529
50  69 -90.0651
50  70 -91.0986
50  71 -89.1975
50  72 -89.9415
50  73 -87.8164
50  74 -88.2342
50  75 -85.8964
50  76 -86.015
50  77 -83.471
50  78 -83.362
50  79 -80.607
50  80 -80.1329
50  81 -77.272
50  82 -76.5439
50  83 -70.8742
50  84 -66.432
50  85 -60.632
50  86 -55.9
50  87 -49.79
50  88 -44.86
51  52 -56.18
51  53 -59.17
51  54 -64.016
51  55 -66.473
51  56 -70.653
51  57 -72.445
51  58 -76.251
51  59 -77.45
51  60 -80.837
51  61 -81.599
51  62 -84.417
51  63 -84.496
51  64 -87.003
51  65 -86.822
51  66 -88.64
51  67 -87.996
51  68 -89.474
51  69 -88.418
51  70 -89.5986
51  71 -88.3336
51  72 -89.2248
51  73 -87.621
51  74 -88.2563
51  75 -86.39
51  76 -86.699
51  77 -84.63
51  78 -84.629
51  79 -82.286
51  80 -81.9819
51  81 -79.6356
51  82 -78.923
51  83 -74.0205
51  84 -69.6896
51  85 -64.51
51  86 -60.03
51  87 -54.54
51  88 -49.79
51  89 -43.94
52  53 -52.81
52  54 -58.22
52  55 -60.54
52  56 -65.782
52  57 -67.715
52  58 -72.23
52  59 -73.587
52  60 -77.568
52  61 -78.347
52  62 -81.889
52  63 -82.063
52  64 -85.269
52  65 -85.095
52  66 -87.697
52  67 -87.181
52  68 -89.368
52  69 -88.544
52  70 -90.3144
52  71 -89.1721
52  72 -90.5253
52  73 -89.023
52  74 -90.0653
52  75 -88.2817
52  76 -88.9937
52  77 -87.0048
52  78 -87.3529
52  79 -85.211
52  80 -85.188
52  81 -82.932
52  82 -82.536
52  83 -77.7279
52  84 -74.4258
52  85 -69.3042
52  86 -65.696
52  87 -60.205
52  88 -56.357
52  89 -50.49
52  90 -46.37
52  91 -40.28
53  54 -49.57
53  55 -52.65
53  56 -57.673
53  57 -60.46
53  58 -64.954
53  59 -67.063
53  60 -71.12
53  61 -72.8
53  62 -76.338
53  63 -77.49
53  64 -80.436
53  65 -80.971
53  66 -83.766
53  67 -83.753
53  68 -86.252
53  69 -86.08
53  70 -87.944
53  71 -87.3657
53  72 -88.8372
53  73 -87.911
53  74 -88.984
53  75 -87.739
53  76 -88.507
53  77 -86.936
53  78 -87.4428
53  79 -85.703
53  80 -85.887
53  81 -84.059
53  82 -83.789
53  83 -79.545
53  84 -76.356
53  85 -71.98
53  86 -68.459
53  87 -63.6
53  88 -59.9
53  89 -54.77
53  90 -50.63
53  91 -45.28
53  92 -40.94
54  55 -46.17
54  56 -51.92
54  57 -54.39
54  58 -60.026
54  59 -62.204
54  60 -67.086
54  61 -68.657
54  62 -73.047
54  63 -74.185
54  64 -78.079
54  65 -78.794
54  66 -82.172
54  67 -82.481
54  68 -85.355
54  69 -85.249
54  70 -87.6611
54  71 -87.193
54  72 -89.146
54  73 -88.322
54  74 -89.8603
54  75 -88.6961
54  76 -89.8805
54  77 -88.4136
54  78 -89.279
54  79 -87.6436
54  80 -88.1243
54  81 -86.417
54  82 -86.4292
54  83 -82.3834
54  84 -79.9722
54  85 -75.6446
54  86 -72.9865
54  87 -68.1973
54  88 -65.2296
54  89 -60.203
54  90 -56.872
54  91 -51.493
54  92 -47.955
54  93 -42.61
54  94 -39
55  57 -46.29
55  58 -51.764
55  59 -54.68
55  60 -59.7
55  61 -62.06
55  62 -66.49
55  63 -68.409
55  64 -72.305
55  65 -73.889
55  66 -77.102
55  67 -78.14
55  68 -81.044
55  69 -81.731
55  70 -84.088
55  71 -84.35
55  72 -86.24
55  73 -85.932
55  74 -87.499
55  75 -86.9
55  76 -88.059
55  77 -87.1562
55  78 -88.0709
55  79 -86.8912
55  80 -87.5818
55  81 -86.3389
55  82 -86.5458
55  83 -82.887
55  84 -80.701
55  85 -77.05
55  86 -74.477
55  87 -70.518
55  88 -67.674
55  89 -63.271
55  90 -60.056
55  91 -55.57
55  92 -52.02
55  93 -47.3
55  94 -43.76
55  95 -38.82
55  96 -34.86
56  58 -45.96
56  59 -49.03
56  60 -54.7
56  61 -57.62
56  62 -62.35
56  63 -64.59
56  64 -68.89
56  65 -70.74
56  66 -74.609
56  67 -75.655
56  68 -79.09
56  69 -79.669
56  70 -82.67
56  71 -82.818
56  72 -85.379
56  73 -85.063
56  74 -87.2617
56  75 -86.6839
56  76 -88.435
56  77 -87.5536
56  78 -88.9501
56  79 -87.8507
56  80 -88.8871
56  81 -87.7215
56  82 -88.2619
56  83 -84.914
56  84 -83.27
56  85 -79.733
56  86 -77.843
56  87 -73.937
56  88 -71.767
56  89 -67.516
56  90 -64.94
56  91 -60.264
56  92 -57.59
56  93 -53.02
56  94 -50.25
56  95 -45.39
56  96 -42.09
56  97 -36.92
57  59 -40.7
57  60 -46.59
57  61 -49.62
57  62 -54.97
57  63 -57.69
57  64 -62.27
57  65 -64.54
57  66 -68.65
57  67 -70.26
57  68 -73.759
57  69 -74.97
57  70 -77.896
57  71 -78.63
57  72 -81.325
57  73 -81.627
57  74 -83.769
57  75 -83.72
57  76 -85.494
57  77 -85.219
57  78 -86.644
57  79 -86.04
57  80 -87.1409
57  81 -86.522
57  82 -87.2286
57  83 -84.3182
57  84 -82.935
57  85 -80.024
57  86 -78.171
57  87 -74.85
57  88 -72.835
57  89 -69.05
57  90 -66.678
57  91 -62.709
57  92 -60.22
57  93 -56.38
57  94 -53.73
57  95 -49.54
57  96 -46.24
57  97 -41.76
57  98 -38.18
58  61 -44.05
58  62 -49.8
58  63 -52.77
58  64 -57.87
58  65 -60.29
58  66 -64.92
58  67 -66.66
58  68 -70.821
58  69 -71.979
58  70 -75.534
58  71 -76.287
58  72 -79.423
58  73 -79.71
58  74 -82.471
58  75 -82.418
58  76 -84.833
58  77 -84.616
58  78 -86.5086
58  79 -85.9188
58  80 -87.569
58  81 -86.95
58  82 -88.0792
58  83 -85.436
58  84 -84.5327
58  85 -81.6062
58  86 -80.432
58  87 -77.07
58  88 -75.635
58  89 -72.014
58  90 -70.398
58  91 -66.67
58  92 -64.847
58  93 -61.225
58  94 -59.06
58  95 -55.02
58  96 -52.35
58  97 -47.93
58  98 -44.87
58  99 -40.01
59  62 -41.62
59  63 -44.95
59  64 -50.34
59  65 -53.15
59  66 -58.03
59  67 -60.32
59  68 -64.54
59  69 -66.331
59  70 -69.774
59  71 -71.18
59  72 -74.3
59  73 -75.21
59  74 -77.938
59  75 -78.528
59  76 -80.936
59  77 -81.34
59  78 -83.202
59  79 -83.132
59  80 -84.821
59  81 -84.691
59  82 -86.0164
59  83 -83.7883
59  84 -83.068
59  85 -80.75
59  86 -79.626
59  87 -76.68
59  88 -75.444
59  89 -72.535
59  90 -71.039
59  91 -68.3
59  92 -66.779
59  93 -63.758
59  94 -61.568
59  95 -58.19
59  96 -55.415
59  97 -51.57
59  98 -48.54
59  99 -44.33
59 100 -41.09
60  64 -44.53
60  65 -47.6
60  66 -52.99
60  67 -55.54
60  68 -60.31
60  69 -62.32
60  70 -66.596
60  71 -67.768
60  72 -71.426
60  73 -72.33
60  74 -75.646
60  75 -76.214
60  76 -79.199
60  77 -79.585
60  78 -82.018
60  79 -82.015
60  80 -84.254
60  81 -84.193
60  82 -85.9499
60  83 -84.0021
60  84 -83.7479
60  85 -81.4318
60  86 -80.9258
60  87 -78.1466
60  88 -77.4078
60  89 -74.3753
60  90 -73.6791
60  91 -70.9423
60  92 -70.149
60  93 -67.3303
60  94 -65.68
60  95 -62.284
60  96 -60.47
60  97 -56.462
60  98 -54.06
60  99 -49.81
60 100 -47.13
60 101 -42.59
61  65 -39.2
61  66 -44.79
61  67 -47.79
61  68 -52.88
61  69 -55.4
61  70 -59.92
61  71 -61.63
61  72 -65.41
61  73 -66.74
61  74 -70.03
61  75 -71.18
61  76 -74.073
61  77 -74.94
61  78 -77.501
61  79 -78.21
61  80 -80.523
61  81 -81.142
61  82 -82.96
61  83 -81.416
61  84 -81.267
61  85 -79.454
61  86 -79.0419
61  87 -76.865
61  88 -76.0637
61  89 -73.596
61  90 -73.385
61  91 -71.254
61  92 -70.648
61  93 -68.49
61  94 -66.94
61  95 -64.164
61  96 -62.297
61  97 -59.089
61  98 -56.554
61  99 -53
61 100 -50.24
61 101 -46.37
61 102 -43.25
62  66 -38.73
62  67 -42.14
62  68 -47.51
62  69 -50.13
62  70 -55.08
62  71 -57.23
62  72 -61.38
62  73 -62.86
62  74 -66.811
62  75 -68.03
62  76 -71.498
62  77 -72.38
62  78 -75.456
62  79 -75.934
62  80 -78.987
62  81 -79.517
62  82 -81.9654
62  83 -80.6512
62  84 -80.996
62  85 -79.266
62  86 -79.3361
62  87 -77.1351
62  88 -77.0505
62  89 -74.5756
62  90 -74.762
62  91 -72.5591
62  92 -72.4545
62  93 -70.1902
62  94 -69.363
62  95 -66.678
62  96 -65.25
62  97 -62.208
62  98 -60.235
62  99 -56.672
62 100 -54.53
62 101 -50.72
62 102 -48.1
62 103 -43.81
63  67 -33.82
63  68 -39.27
63  69 -42.23
63  70 -47.24
63  71 -49.93
63  72 -54.15
63  73 -56.24
63  74 -60.12
63  75 -61.75
63  76 -65.398
63  77 -66.99
63  78 -69.926
63  79 -71.31
63  80 -74.241
63  81 -75.619
63  82 -77.992
63  83 -77.117
63  84 -77.5444
63  85 -76.299
63  86 -76.44
63  87 -74.792
63  88 -74.652
63  89 -72.8874
63  90 -73.3663
63  91 -71.7372
63  92 -71.8172
63  93 -70.085
63  94 -69.458
63  95 -67.255
63  96 -66.043
63  97 -63.48
63  98 -61.792
63  99 -58.69
63 100 -56.64
63 101 -53.33
63 102 -50.69
63 103 -46.93
63 104 -43.88
64  69 -36.02
64  70 -41.3
64  71 -44.29
64  72 -49.09
64  73 -51.21
64  74 -55.66
64  75 -57.63
64  76 -61.782
64  77 -63.224
64  78 -66.96
64  79 -68.23
64  80 -71.76
64  81 -72.924
64  82 -76.086
64  83 -75.3566
64  84 -76.2693
64  85 -75.127
64  86 -75.764
64  87 -74.188
64  88 -74.7063
64  89 -72.8819
64  90 -73.7053
64  91 -72.0692
64  92 -72.5343
64  93 -70.8228
64  94 -70.6889
64  95 -68.5608
64  96 -67.9409
64  97 -65.505
64  98 -64.28
64  99 -61.314
64 100 -59.77
64 101 -56.49
64 102 -54.53
64 103 -50.81
64 104 -48.36
64 105 -44.15
65  70 -32.83
65  71 -36.06
65  72 -40.97
65  73 -43.67
65  74 -48.13
65  75 -50.48
65  76 -54.54
65  77 -56.56
65  78 -60.42
65  79 -62.368
65  80 -66.3
65  81 -67.76
65  82 -70.743
65  83 -70.531
65  84 -71.489
65  85 -71.106
65  86 -71.623
65  87 -70.72
65  88 -71.313
65  89 -70.16
65  90 -71.249
65  91 -70.09
65  92 -70.7628
65  93 -69.4699
65  94 -69.5316
65  95 -67.8355
65  96 -67.4608
65  97 -65.67
65  98 -64.595
65  99 -62.08
65 100 -60.57
65 101 -57.88
65 102 -55.93
65 103 -52.72
65 104 -50.33
65 105 -46.72
65 106 -44.03
66  72 -34.93
66  73 -37.64
66  74 -42.83
66  75 -45.38
66  76 -50.12
66  77 -52.169
66  78 -56.57
66  79 -58.243
66  80 -62.555
66  81 -64.196
66  82 -67.853
66  83 -67.699
66  84 -69.309
66  85 -68.752
66  86 -70.118
66  87 -69.143
66  88 -70.394
66  89 -69.155
66  90 -70.5283
66  91 -69.424
66  92 -70.4062
66  93 -69.1663
66  94 -69.6714
66  95 -68.0545
66  96 -68.1802
66  97 -66.3799
66  98 -65.9667
66  99 -63.6113
66 100 -62.5835
66 101 -59.93
66 102 -58.56
66 103 -55.6
66 104 -53.66
66 105 -50.19
66 106 -48.01
66 107 -43.94
67  73 -29.26
67  74 -34.36
67  75 -37.25
67  76 -42.05
67  77 -44.61
67  78 -49.12
67  79 -51.238
67  80 -55.757
67  81 -57.99
67  82 -61.662
67  83 -61.946
67  84 -63.623
67  85 -63.599
67  86 -65.012
67  87 -64.639
67  88 -66.039
67  89 -65.48
67  90 -66.831
67  91 -66.186
67  92 -67.329
67  93 -66.381
67  94 -67.1965
67  95 -66.041
67  96 -66.3773
67  97 -64.9808
67  98 -64.8983
67  99 -63.0706
67 100 -62.281
67 101 -60.06
67 102 -58.798
67 103 -56.24
67 104 -54.52
67 105 -51.48
67 106 -49.35
67 107 -45.69
67 108 -43.2
68  74 -27.85
68  75 -31.09
68  76 -36.61
68  77 -39.08
68  78 -44.322
68  79 -46.61
68  80 -51.479
68  81 -53.742
68  82 -57.831
68  83 -58.266
68  84 -60.494
68  85 -60.472
68  86 -62.605
68  87 -62.209
68  88 -64.21
68  89 -63.389
68  90 -65.304
68  91 -64.56
68  92 -66.064
68  93 -65.2
68  94 -66.3332
68  95 -65.167
68  96 -65.9416
68  97 -64.5204
68  98 -64.9256
68  99 -63.2907
68 100 -62.9907
68 101 -60.9226
68 102 -60.1091
68 103 -57.7194
68 104 -56.484
68 105 -53.65
68 106 -51.95
68 107 -48.65
68 108 -46.63
68 109 -42.86
69  75 -22.09
69  76 -27.58
69  77 -30.89
69  78 -35.974
69  79 -38.765
69  80 -43.88
69  81 -46.49
69  82 -50.778
69  83 -51.77
69  84 -53.989
69  85 -54.427
69  86 -56.626
69  87 -56.829
69  88 -58.736
69  89 -58.703
69  90 -60.57
69  91 -60.3
69  92 -61.899
69  93 -61.476
69  94 -62.728
69  95 -61.904
69  96 -62.9288
69  97 -61.888
69  98 -62.5441
69  99 -61.3133
69 100 -61.2756
69 101 -59.7963
69 102 -59.2115
69 103 -57.375
69 104 -56.254
69 105 -53.87
69 106 -52.31
69 107 -49.37
69 108 -47.47
69 109 -44.12
69 110 -41.6
70  78 -30.2
70  79 -33.2
70  80 -38.64
70  81 -41.54
70  82 -46.32
70  83 -47.21
70  84 -49.932
70  85 -50.503
70  86 -53.258
70  87 -53.426
70  88 -56.01
70  89 -55.839
70  90 -58.165
70  91 -57.839
70  92 -59.827
70  93 -59.299
70  94 -61.018
70  95 -60.295
70  96 -61.595
70  97 -60.591
70  98 -61.5814
70  99 -60.3771
70 100 -60.7647
70 101 -59.308
70 102 -59.2562
70 103 -57.5522
70 104 -56.9455
70 105 -54.6966
70 106 -53.4897
70 107 -50.9848
70 108 -49.694
70 109 -46.54
70 110 -44.6
70 111 -41.09
71  79 -24.64
71  80 -30.11
71  81 -33.42
71  82 -38.42
71  83 -39.72
71  84 -42.55
71  85 -43.75
71  86 -46.457
71  87 -47.212
71  88 -49.71
71  89 -50.27
71  90 -52.562
71  91 -52.83
71  92 -54.791
71  93 -54.642
71  94 -56.442
71  95 -56.021
71  96 -57.5
71  97 -57.07
71  98 -58.084
71  99 -57.307
71 100 -57.83
71 101 -56.7381
71 102 -56.8826
71 103 -55.5721
71 104 -55.1676
71 105 -53.3842
71 106 -52.3858
71 107 -50.3398
71 108 -49.061
71 109 -46.68
71 110 -44.8
71 111 -41.88
71 112 -39.72
71 113 -36.41
71 114 -33.89
72  81 -27.3
72  82 -32.73
72  83 -34.36
72  84 -37.87
72  85 -38.9
72  86 -42.103
72  87 -42.853
72  88 -45.931
72  89 -46.315
72  90 -49.169
72  91 -49.264
72  92 -51.818
72  93 -51.636
72  94 -53.859
72  95 -53.468
72  96 -55.361
72  97 -54.717
72  98 -56.254
72  99 -55.431
72 100 -56.402
72 101 -55.412
72 102 -55.8467
72 103 -54.4838
72 104 -54.5784
72 105 -52.883
72 106 -52.4377
72 107 -50.4654
72 108 -49.7818
72 109 -47.4053
72 110 -46.052
72 111 -43.29
72 112 -41.5
72 113 -38.32
72 114 -36.42
72 115 -32.82
72 116 -30.88
72 117 -27.16
73  82 -23.99
73  83 -26.05
73  84 -29.64
73  85 -31.17
73  86 -34.444
73  87 -35.87
73  88 -38.701
73  89 -39.78
73  90 -42.53
73  91 -43.283
73  92 -45.848
73  93 -46.098
73  94 -48.351
73  95 -48.394
73  96 -50.29
73  97 -50.138
73  98 -51.72
73  99 -51.33
73 100 -52.397
73 101 -51.741
73 102 -52.409
73 103 -51.37
73 104 -51.717
73 105 -50.6
73 106 -50.3598
73 107 -48.9362
73 108 -48.4416
73 109 -46.4332
73 110 -45.2961
73 111 -42.842
73 112 -41.396
73 113 -38.61
73 114 -36.9
73 115 -33.61
73 116 -31.83
73 117 -28.51
73 118 -26.49
73 119 -23.16
74  83 -19.71
74  84 -23.7
74  85 -25.49
74  86 -29.38
74  87 -30.56
74  88 -34
74  89 -34.91
74  90 -38.228
74  91 -38.861
74  92 -41.888
74  93 -42.099
74  94 -44.893
74  95 -44.918
74  96 -47.29
74  97 -47.086
74  98 -49.097
74  99 -48.727
74 100 -50.227
74 101 -49.633
74 102 -50.642
74 103 -49.702
74 104 -50.409
74 105 -49.297
74 106 -49.6386
74 107 -48.253
74 108 -48.2477
74 109 -46.3672
74 110 -45.7076
74 111 -43.3899
74 112 -42.5108
74 113 -39.9063
74 114 -38.67
74 115 -35.62
74 116 -34.38
74 117 -31.18
74 118 -29.65
74 119 -26.29
74 120 -24.53
75  84 -14.74
75  85 -16.93
75  86 -20.89
75  87 -22.5
75  88 -26.007
75  89 -27.52
75  90 -30.644
75  91 -31.89
75  92 -34.84
75  93 -35.79
75  94 -38.409
75  95 -38.918
75  96 -41.25
75  97 -41.53
75  98 -43.554
75  99 -43.673
75 100 -45.288
75 101 -45.063
75 102 -46.269
75 103 -45.653
75 104 -46.585
75 105 -45.837
75 106 -46.521
75 107 -45.45
75 108 -45.811
75 109 -44.225
75 110 -43.8226
75 111 -41.9306
75 112 -41.2185
75 113 -39.0189
75 114 -37.981
75 115 -35.63
75 116 -34.352
75 117 -31.59
75 118 -30.24
75 119 -27.24
75 120 -25.58
75 121 -22.54
75 122 -20.5
75 123 -17.14
76  85 -10.22
76  86 -14.5
76  87 -16.39
76  88 -20.47
76  89 -21.8
76  90 -25.437
76  91 -26.5
76  92 -29.987
76  93 -30.723
76  94 -33.926
76  95 -34.303
76  96 -37.244
76  97 -37.438
76  98 -39.995
76  99 -40.105
76 100 -42.098
76 101 -41.949
76 102 -43.544
76 103 -43.019
76 104 -44.362
76 105 -43.55
76 106 -44.609
76 107 -43.66
76 108 -44.2566
76 109 -42.8098
76 110 -43.0024
76 111 -41.221
76 112 -41.1393
76 113 -38.9885
76 114 -38.7094
76 115 -36.3969
76 116 -35.8839
76 117 -33.396
76 118 -32.4372
76 119 -29.51
76 120 -28.28
76 121 -25.31
76 122 -23.84
76 123 -20.48
76 124 -18.78
76 125 -15.24
76 126 -13.09
77  87 -7.54
77  88 -11.64
77  89 -13.35
77  90 -17.078
77  91 -18.72
77  92 -22.078
77  93 -23.36
77  94 -26.42
77  95 -27.38
77  96 -30.268
77  97 -30.869
77  98 -33.394
77  99 -33.859
77 100 -36.047
77 101 -36.252
77 102 -38.079
77 103 -37.978
77 104 -39.472
77 105 -39.052
77 106 -40.203
77 107 -39.611
77 108 -40.336
77 109 -39.175
77 110 -39.549
77 111 -38.351
77 112 -38.457
77 113 -36.7556
77 114 -36.7108
77 115 -34.8376
77 116 -34.5383
77 117 -32.5338
77 118 -31.6943
77 119 -29.44
77 120 -28.266
77 121 -25.82
77 122 -24.4
77 123 -21.61
77 124 -19.9
77 125 -16.78
77 126 -14.69
77 127 -9.69
78  88 -4.79
78  89 -6.81
78  90 -11.06
78  91 -12.51
78  92 -16.305
78  93 -17.47
78  94 -21.097
78  95 -21.94
78  96 -25.318
78  97 -25.7
78  98 -28.934
78  99 -29.37
78 100 -31.997
78 101 -32.268
78 102 -34.436
78 103 -34.374
78 104 -36.168
78 105 -35.772
78 106 -37.339
78 107 -36.688
78 108 -37.864
78 109 -36.685
78 110 -37.829
78 111 -36.485
78 112 -37.325
78 113 -35.701
78 114 -36.292
78 115 -34.4817
78 116 -34.7626
78 117 -32.7963
78 118 -32.6469
78 119 -30.422
78 120 -29.9057
78 121 -27.3904
78 122 -26.601
78 123 -23.74
78 124 -22.692
78 125 -19.63
78 126 -17.92
78 127 -12.97
78 128 -9.63
79  90 -1.79
79  91 -3.75
79  92 -7.568
79  93 -9.37
79  94 -12.816
79  95 -14.24
79  96 -17.42
79  97 -18.4
79  98 -21.545
79  99 -22.33
79 100 -24.989
79 101 -25.594
79 102 -27.871
79 103 -28.301
79 104 -30.189
79 105 -30.319
79 106 -31.867
79 107 -31.715
79 108 -33.028
79 109 -32.277
79 110 -33.582
79 111 -32.883
79 112 -33.81
79 113 -32.776
79 114 -33.406
79 115 -32.2132
79 116 -32.5695
79 117 -31.1399
79 118 -31.141
79 119 -29.582
79 120 -29.095
79 121 -27.24
79 122 -26.401
79 123 -24.353
79 124 -23.143
79 125 -20.65
79 126 -18.77
79 127 -14.22
79 128 -10.81
79 129 -6.1
79 130 -2.47
79 131 2.33
80  91 3.29
80  92 -1.11
80  93 -2.71
80  94 -6.646
80  95 -7.97
80  96 -11.773
80  97 -12.78
80  98 -16.316
80  99 -16.924
80 100 -20.25
80 101 -20.661
80 102 -23.577
80 103 -23.805
80 104 -26.349
80 105 -26.176
80 106 -28.539
80 107 -28.118
80 108 -30.211
80 109 -29.63
80 110 -31.37
80 111 -30.593
80 112 -32.011
80 113 -31.063
80 114 -32.1839
80 115 -31
80 116 -31.8268
80 117 -30.541
80 118 -30.9548
80 119 -29.5464
80 120 -29.5036
80 121 -27.6627
80 122 -27.3455
80 123 -25.2688
80 124 -24.6902
80 125 -22.287
80 126 -20.945
80 127 -16.487
80 128 -13.27
80 129 -8.64
80 130 -5.37
80 131 -0.62
80 132 2.76
80 133 7.67
80 134 11.18
80 135 16.21
80 136 19.86
81  95 0.58
81  96 -3.325
81  97 -4.79
81  98 -8.28
81  99 -9.26
81 100 -12.799
81 101 -13.31
81 102 -16.587
81 103 -16.873
81 104 -19.758
81 105 -19.887
81 106 -22.443
81 107 -22.336
81 108 -24.602
81 109 -24.38
81 110 -26.283
81 111 -25.87
81 112 -27.477
81 113 -26.937
81 114 -28.155
81 115 -27.497
81 116 -28.34
81 117 -27.49
81 118 -28.059
81 119 -27.048
81 120 -27.179
81 121 -25.986
81 122 -25.7608
81 123 -24.3456
81 124 -23.8203
81 125 -22.2528
81 126 -21.033
81 127 -16.7492
81 128 -13.638
81 129 -9.246
81 130 -6.08
81 131 -1.55
81 132 1.784
81 133 6.47
81 134 9.91
81 135 14.72
81 136 18.31
81 137 23.09
82  96 3.569
82  97 2.05
82  98 -1.93
82  99 -3.12
82 100 -6.826
82 101 -7.571
82 102 -11.052
82 103 -11.541
82 104 -14.682
82 105 -14.987
82 106 -17.815
82 107 -17.88
82 108 -20.416
82 109 -20.24
82 110 -22.565
82 111 -22.19
82 112 -24.207
82 113 -23.713
82 114 -25.361
82 115 -24.749
82 116 -26.05
82 117 -25.232
82 118 -26.251
82 119 -25.259
82 120 -25.94
82 121 -24.786
82 122 -25.1094
82 123 -23.7697
82 124 -23.7851
82 125 -22.4515
82 126 -21.7481
82 127 -17.6141
82 128 -14.728
82 129 -10.4913
82 130 -7.5472
82 131 -3.202
82 132 -0.1808
82 133 4.42
82 134 7.48
82 135 12.24
82 136 15.45
82 137 20.28
82 138 23.67
83 101 1.19
83 102 -2.24
83 103 -3.13
83 104 -6.383
83 105 -7.185
83 106 -10.065
83 107 -10.599
83 108 -13.24
83 109 -13.54
83 110 -15.873
83 111 -16.04
83 112 -18.026
83 113 -18.009
83 114 -19.687
83 115 -19.369
83 116 -20.797
83 117 -20.371
83 118 -21.415
83 119 -20.741
83 120 -21.524
83 121 -20.646
83 122 -21.064
83 123 -20.028
83 124 -20.0541
83 125 -18.8697
83 126 -18.2582
83 127 -14.7915
83 128 -11.858
83 129 -8.117
83 130 -5.23
83 131 -1.2
83 132 1.649
83 133 5.874
83 134 8.73
83 135 13.216
83 136 16.28
83 137 20.82
83 138 24.1
83 139 28.67
83 140 32.14
83 141 36.77
84 102 4.09
84 103 2.83
84 104 -0.544
84 105 -1.422
84 106 -4.564
84 107 -5.069
84 108 -8.071
84 109 -8.36
84 110 -11.005
84 111 -11.06
84 112 -13.483
84 113 -13.36
84 114 -15.473
84 115 -15.214
84 116 -16.954
84 117 -16.525
84 118 -17.924
84 119 -17.311
84 120 -18.341
84 121 -17.509
84 122 -18.188
84 123 -17.145
84 124 -17.4692
84 125 -16.3656
84 126 -15.9527
84 127 -12.4321
84 128 -10.369
84 129 -6.653
84 130 -4.4696
84 131 -0.5401
84 132 1.784
84 133 5.885
84 134 8.3588
84 135 12.681
84 136 15.263
84 137 19.774
84 138 22.49
84 139 27.08
84 140 29.91
84 141 34.53
84 142 37.55
84 143 42.28
85 106 3.864
85 107 2.94
85 108 -0.068
85 109 -0.712
85 110 -3.476
85 111 -3.91
85 112 -6.34
85 113 -6.72
85 114 -8.823
85 115 -8.988
85 116 -10.789
85 117 -10.591
85 118 -12.163
85 119 -11.875
85 120 -12.97
85 121 -12.429
85 122 -13.227
85 123 -12.47
85 124 -12.882
85 125 -11.972
85 126 -11.6468
85 127 -8.6278
85 128 -6.579
85 129 -3.379
85 130 -1.255
85 131 2.258
85 132 4.396
85 133 8.099
85 134 10.397
85 135 14.376
85 136 16.783
85 137 20.953
85 138 23.428
85 139 27.711
85 140 30.4
85 141 34.61
85 142 37.48
85 143 41.68
85 144 44.82
86 107 9.043
86 108 5.723
86 109 5.05
86 110 1.971
86 111 1.48
86 112 -1.23
86 113 -1.5
86 114 -4.014
86 115 -4.07
86 116 -6.274
86 117 -6.159
86 118 -7.983
86 119 -7.71
86 120 -9.115
86 121 -8.635
86 122 -9.655
86 123 -8.929
86 124 -9.605
86 125 -8.755
86 126 -8.659
86 127 -5.698
86 128 -4.319
86 129 -1.168
86 130 0.253
86 131 3.659
86 132 5.2178
86 133 8.8309
86 134 10.6136
86 135 14.473
86 136 16.374
86 137 20.39
86 138 22.445
86 139 26.534
86 140 28.747
86 141 32.886
86 142 35.243
86 143 39.362
86 144 42.05
86 145 46.45
87 112 6.76
87 113 6.13
87 114 3.6
87 115 3.09
87 116 0.876
87 117 0.607
87 118 -1.31
87 119 -1.242
87 120 -2.844
87 121 -2.666
87 122 -3.768
87 123 -3.333
87 124 -4.14
87 125 -3.516
87 126 -3.553
87 127 -0.958
87 128 0.318
87 129 2.971
87 130 4.315
87 131 7.059
87 132 8.619
87 133 11.483
87 134 13.279
87 135 16.35
87 136 18.384
87 137 21.795
87 138 23.821
87 139 27.541
87 140 29.686
87 141 33.369
87 142 35.674
87 143 39.511
87 144 42.064
87 145 45.99
87 146 49.03
88 113 11.84
88 114 9.091
88 115 8.67
88 116 6.047
88 117 5.84
88 118 3.566
88 119 3.54
88 120 1.715
88 121 1.85
88 122 0.46
88 123 0.832
88 124 -0.199
88 125 0.358
88 126 0.093
88 127 2.534
88 128 3.291
88 129 5.888
88 130 6.651
88 131 9.395
88 132 10.271
88 133 12.964
88 134 14.322
88 135 17.2348
88 136 18.8273
88 137 21.9943
88 138 23.6696
88 139 27.1795
88 140 28.9422
88 141 32.549
88 142 34.516
88 143 38.216
88 144 40.497
88 145 44.322
88 146 46.89
88 147 51.2
89 117 13.46
89 118 11.15
89 119 10.76
89 120 8.84
89 121 8.79
89 122 7.2
89 123 7.28
89 124 6.16
89 125 6.445
89 126 6.031
89 127 8.145
89 128 8.704
89 129 10.84
89 130 11.57
89 131 13.744
89 132 14.52
89 133 16.622
89 134 17.827
89 135 20.235
89 136 21.639
89 137 24.31
89 138 25.8511
89 139 28.8964
89 140 30.698
89 141 33.838
89 142 35.763
89 143 39.154
89 144 41.308
89 145 44.841
89 146 47.357
89 147 51.22
89 148 54.28
90 118 16.67
90 119 16.54
90 120 14.06
90 121 13.91
90 122 12.098
90 123 12.12
90 124 10.712
90 125 10.922
90 126 10.299
90 127 12.218
90 128 12.367
90 129 14.47
90 130 14.669
90 131 16.938
90 132 17.203
90 133 19.386
90 134 19.994
90 135 22.311
90 136 23.197
90 137 25.8063
90 138 26.7723
90 139 29.5868
90 140 30.8642
90 141 33.8175
90 142 35.4487
90 143 38.7336
90 144 40.614
90 145 44.018
90 146 46.255
90 147 49.955
90 148 52.63
90 149 56.61
91 121 21.61
91 122 19.66
91 123 19.49
91 124 17.87
91 125 17.8
91 126 17.07
91 127 18.684
91 128 18.54
91 129 20.22
91 130 20.38
91 131 22.16
91 132 22.32
91 133 23.863
91 134 24.34
91 135 26.033
91 136 26.832
91 137 28.924
91 138 29.898
91 139 32.175
91 140 33.426
91 141 35.948
91 142 37.49
91 143 40.34
91 144 42.289
91 145 45.334
91 146 47.528
91 147 50.894
91 148 53.34
91 149 56.8
91 150 59.69
92 125 22.97
92 126 21.912
92 127 23.29
92 128 22.93
92 129 24.48
92 130 24.22
92 131 25.84
92 132 25.714
92 133 27.378
92 134 27.329
92 135 29.022
92 136 29.222
92 137 31.211
92 138 31.615
92 139 33.808
92 140 34.6109
92 141 36.9203
92 142 38.1468
92 143 40.9207
92 144 42.4465
92 145 45.3921
92 146 47.3091
92 147 50.574
92 148 52.716
92 149 56.2
92 150 58.62
92 151 62.4
93 126 29.28
93 127 30.31
93 128 29.85
93 129 31.02
93 130 30.6
93 131 31.88
93 132 31.59
93 133 32.78
93 134 32.56
93 135 33.6
93 136 33.78
93 137 35.24
93 138 35.63
93 139 37.36
93 140 37.95
93 141 39.957
93 142 41.0449
93 143 43.38
93 144 44.8735
93 145 47.4565
93 146 49.3126
93 147 52.318
93 148 54.26
93 149 57.42
93 150 59.88
93 151 63.2
93 152 65.95
94 134 36.08
94 135 37.39
94 136 36.934
94 137 38.286
94 138 38.363
94 139 40.05
94 140 40.35
94 141 42.184
94 142 42.9029
94 143 45.0935
94 144 46.1649
94 145 48.5901
94 146 50.1272
94 147 52.957
94 148 54.7186
94 149 57.756
94 150 59.807
94 151 63.18
94 152 65.396
94 153 69.11
95 135 42.93
95 136 42.44
95 137 43.27
95 138 43.26
95 139 44.46
95 140 44.63
95 141 46.04
95 142 46.57
95 143 48.42
95 144 49.3922
95 145 51.512
95 146 52.9362
95 147 55.4699
95 148 57.1763
95 149 59.8811
95 150 61.902
95 151 64.995
95 152 67.15
95 153 70.56
95 154 73.1
96 136 46.4
96 137 47.29
96 138 46.724
96 139 48.01
96 140 47.855
96 141 49.25
96 142 49.445
96 143 51.15
96 144 51.7256
96 145 53.7036
96 146 54.8054
96 147 57.1838
96 148 58.4538
96 149 61.0049
96 150 62.6186
96 151 65.534
96 152 67.393
96 153 70.751
96 154 72.99
96 155 76.649
96 156 79.06
97 137 53.34
97 138 52.7
97 139 53.54
97 140 53.19
97 141 54.22
97 142 54.25
97 143 55.67
97 144 56.03
97 145 57.74
97 146 58.691
97 147 60.716
97 148 61.8156
97 149 63.97
97 150 65.491
97 151 68.08
97 152 69.8506
97 153 72.952
97 154 75.229
97 155 78.54
97 156 80.93
97 157 84.39
98 139 57.94
98 140 57.28
98 141 58.25
98 142 57.991
98 143 59.33
98 144 59.387
98 145 60.99
98 146 61.4794
98 147 63.3869
98 148 64.0919
98 149 66.104
98 150 67.24
98 151 69.726
98 152 71.172
98 153 74.136
98 154 76.035
98 155 79.302
98 156 81.342
98 157 84.81
98 158 87.04
99 140 63.56
99 141 64.2
99 142 63.86
99 143 64.8
99 144 64.75
99 145 66.03
99 146 66.37
99 147 67.9
99 148 68.578
99 149 70.3
99 150 71.18
99 151 73.23
99 152 74.514
99 153 77.3
99 154 79.0146
99 155 81.992
99 156 84.091
99 157 87.19
99 158 89.4
99 159 92.7
100 141 69.13
100 142 68.4
100 143 69.36
100 144 68.97
100 145 70.19
100 146 70.189
100 147 71.67
100 148 71.899
100 149 73.521
100 150 74.073
100 151 75.954
100 152 76.818
100 153 79.349
100 154 80.9044
100 155 83.801
100 156 85.487
100 157 88.591
100 158 90.43
100 159 93.71
100 160 95.77
101 145 75.27
101 146 76.12
101 147 75.94
101 148 77.15
101 149 77.23
101 140 78.63
101 151 78.967
101 152 80.51
101 153 81.18
101 154 83.45
101 155 84.844
101 156 87.46
101 157 88.9972
101 158 91.688
101 159 93.63
101 150 96.55
101 161 98.58
101 162 101.63
102 148 80.62
102 149 81.78
102 140 81.56
102 141 82.85
102 152 82.872
102 153 84.36
102 154 84.725
102 155 86.807
102 156 87.824
102 157 90.25
102 158 91.48
102 159 94.11
102 150 95.61
102 151 98.46
102 162 100.1
102 163 103.13
102 164 105.01
103 141 87.73
103 142 88.74
103 153 88.58
103 154 89.87
103 155 89.947
103 156 91.75
103 157 92.61
103 158 94.78
103 159 95.85
103 150 98.28
103 151 99.56
103 152 102.1
103 163 103.73
103 164 106.38
103 165 108.23
103 166 111.62
104 143 93.56
104 154 93.2
104 155 94.33
104 156 94.223
104 157 95.868
104 158 96.34
104 159 98.36
104 150 99.15
104 151 101.32
104 152 102.39
104 153 104.79
104 164 106.08
104 165 108.69
104 166 110.08
104 167 113.45
104 168 115.48
105 155 99.73
105 156 100.5
105 157 100.21
105 158 101.8
105 159 101.99
105 150 103.67
105 151 104.25
105 152 106.26
105 153 107.11
105 154 109.36
105 165 110.49
105 166 112.74
105 167 114.08
105 168 117.06
105 169 119.15
105 160 122.36
106 158 105.24
106 159 106.56
106 150 106.548
106 151 108.006
106 152 108.37
106 153 110.19
106 154 110.78
106 155 112.8
106 166 113.62
106 167 115.84
106 168 116.8
106 169 119.82
106 160 121.49
106 161 124.76
106 162 126.58
106 163 130.02
107 150 113.32
107 151 113.14
107 152 114.54
107 153 114.5
107 154 116.06
107 155 116.36
107 156 118.11
107 167 118.77
107 168 120.81
107 169 121.48
107 160 124.23
107 161 125.99
107 162 128.79
107 163 130.63
107 164 133.71
107 165 135.69
108 153 119.72
108 154 119.564
108 155 120.901
108 156 121.14
108 157 122.65
108 168 122.83
108 169 124.59
108 160 125.09
108 161 127.77
108 162 129.01
108 163 131.97
108 164 133.49
108 165 136.62
108 166 138.29
108 167 141.49
109 155 126.68
109 156 127.96
109 157 127.79
109 158 129.15
109 169 129.31
109 160 130.71
109 161 131.1
109 162 133.58
109 163 134.51
109 164 137.16
109 165 138.63
109 166 141.21
109 167 142.77
109 168 145.6
109 179 147.25
110 157 133.92
110 158 133.65
110 159 134.84
110 160 134.68
110 161 135.95
110 162 136.02
110 163 138.38
110 164 139.18
110 165 141.62
110 166 142.54
110 167 145.23
110 168 146.28
110 169 149.13
110 170 150.26
110 171 153.24
111 162 142.77
111 163 142.64
111 164 144.62
111 165 145.26
111 166 147.49
111 167 148.17
111 168 150.43
111 169 151.57
111 160 153.83
111 171 154.96
111 172 157.53
111 173 158.86
112 166 150.35
112 167 152.43
112 168 152.91
112 169 155.13
112 160 155.7
112 161 158.12
112 172 158.82
112 173 161.4
112 174 162.23
112 175 164.98
113 168 158.89
113 169 159.24
113 160 161.08
113 161 161.6
113 162 163.64
113 173 164.48
113 174 166.48
113 175 167.42
113 176 169.73
113 177 170.83
114 175 171.06
114 176 171.61
114 177 173.99
114 178 174.72
114 179 177.37
115 177 177.64
115 178 179.54
115 179 180.36
115 170 182.55
115 171 183.57
116 179 184.59
116 170 185.03
116 171 187.3
116 172 187.92
116 173 190.48
117 171 191.45
117 172 193.25
117 173 193.97
117 174 196.04
118 173 198.93
118 174 199.27
118 175 201.43
