0 1 8.07131806
1 0 7.288971064
1 1 13.135722895
1 2 14.949810900000001
2 1 14.931218880000001
3 0 28.667
1 3 24.621129
2 2 2.42491587
3 1 25.32319
1 4 32.892447
2 3 11.231234
3 2 11.678887000000001
4 1 37.139
1 5 41.875724999999996
2 4 17.592095
3 3 14.086880440000002
4 2 18.375034
5 1 47.32
1 6 49.135
2 5 26.073128
3 4 14.90710463
4 3 15.768998
5 2 27.676553
2 6 31.609683
3 5 20.945805
4 4 4.941672
5 3 22.921568999999998
6 2 35.064269
2 7 40.935826
3 6 24.954905
4 5 11.348450999999999
5 4 12.416486
6 3 28.910971
2 8 49.197146999999994
3 7 33.052628
4 6 12.607486999999999
5 5 12.050611
6 4 15.698673000000001
7 3 38.800027
3 8 40.728259
4 7 20.177169000000003
5 6 8.667708000000001
6 5 10.649397
7 4 24.365644
8 3 47.738913000000004
3 9 49.009577
4 8 25.077761
5 7 13.369397999999999
6 6 0.0
7 5 17.338068
8 4 32.013335
3 10 56.980895
4 9 33.65908
5 8 16.561948
6 7 3.1250093299999997
7 6 5.3454809999999995
8 5 23.115432000000002
9 4 42.03
4 10 39.954502
5 9 23.663686000000002
6 8 3.01989328
7 7 2.8634168300000002
8 6 8.007781
9 5 31.964402999999997
4 11 49.825821000000005
5 10 28.957379
6 9 9.873145000000001
7 8 0.10143809000000001
8 7 2.855622
9 6 16.566752
10 5 40.215374000000004
4 12 57.447139
5 11 37.111699
6 10 13.694132999999999
7 9 5.6839070000000005
8 8 -4.737002169999999
9 7 10.675182000000001
10 6 23.986775
5 12 43.716322
6 11 21.03188
7 10 7.870079
8 9 -0.8087642100000001
9 8 1.9517010000000001
10 7 16.500452000000003
11 6 34.71958
5 13 51.79264
6 12 24.919266
7 11 13.113166999999999
8 10 -0.78281634
9 9 0.873112
10 8 5.317617
11 7 25.037992
5 14 59.770250999999995
6 13 32.413754
7 12 15.856254999999999
8 11 3.3328580000000003
9 10 -1.48744512
10 9 1.752054
11 8 12.929384
12 7 31.838394
5 15 69.40156900000001
6 14 37.503567000000004
7 13 21.766498
8 12 3.796172
9 11 -0.017463
10 10 -7.04193217
11 9 6.850489
12 8 17.477694
5 16 78.382887
6 15 45.643
7 14 25.231915
8 13 8.062033999999999
9 12 -0.047604999999999995
10 11 -5.731776
11 10 -2.184857
12 9 10.903851000000001
13 8 27.09
6 16 53.611203
7 15 31.764805
8 14 9.283031999999999
9 13 2.7933760000000003
10 12 -8.024716
11 11 -5.181391
12 10 -0.399986
13 9 18.201
14 8 33.64
6 17 64.171
7 16 36.720428999999996
8 15 14.621371
9 14 3.285263
10 13 -5.154045
11 12 -9.529853520000001
12 11 -5.473675
13 10 6.7480709999999995
14 9 23.95
7 17 46.938
8 16 18.500404
9 15 7.544516
10 14 -5.951642
11 13 -8.417901
12 12 -13.933577999999999
13 11 -0.048811999999999994
14 10 10.745186
15 9 34.02
7 18 55.983
8 17 27.32903
9 16 11.334166999999999
10 15 -2.035503
11 14 -9.357814000000001
12 13 -13.192782
13 12 -8.915974
14 11 3.827322
15 10 20.19
8 18 34.661041
9 17 18.674654999999998
10 16 0.481114
11 15 -6.86078
12 14 -16.214544
13 13 -12.210139
14 12 -7.1410029999999995
15 11 10.973
16 10 27.68
8 19 44.67
9 18 25.133478
10 17 7.05091
11 16 -5.517791
12 15 -14.586594
13 14 -17.196864
14 13 -12.384504999999999
15 12 -0.6590320000000001
16 11 17.491
8 20 52.08
9 19 33.403796
10 18 11.299738
11 17 -0.988315
12 16 -15.019946
13 15 -16.850719
14 14 -21.492797109999998
15 13 -7.147856
16 12 4.073203
17 11 28.27
9 20 40.15019
10 19 18.399803
11 18 2.679994
12 17 -10.61236
13 16 -18.207762
14 15 -21.89508154
15 14 -16.952848999999997
16 13 -3.094423
17 12 14.022
18 11 37.969
9 21 48.96
10 20 23.28012
11 19 8.47467
12 18 -8.881373
13 17 -15.864116
14 16 -24.432962
15 15 -20.200855999999998
16 14 -14.059254000000001
17 13 4.674548
18 12 22.071
9 22 56.843
10 21 31.181594
11 20 12.246031
12 19 -3.1221520000000003
13 18 -14.950709000000002
14 17 -22.949037
15 16 -24.44054442
16 15 -19.042531
17 14 -7.034552
18 13 11.325
19 12 34.26
10 22 36.999
11 21 18.640151999999997
12 20 -0.828901
13 19 -11.099368
14 18 -24.077689
15 17 -24.304876
16 16 -26.01553714
17 15 -13.334706
18 14 -2.2003519999999996
19 13 21.99
10 23 46.13
11 22 23.780113
12 21 4.962872999999999
13 20 -8.497382
14 19 -20.514328000000003
15 18 -26.337349999999997
16 17 -26.585858299999998
17 16 -21.00334
18 15 -9.384295
19 14 7.54
20 13 31.03
10 24 52.842
11 23 31.680114
12 22 8.323324000000001
13 21 -2.9976190000000003
14 20 -19.991684
15 19 -24.548702000000002
16 18 -29.931689
17 17 -24.440086
18 16 -18.378293000000003
19 15 -1.22
20 14 14.89
11 24 37.831
12 23 15.639786
13 22 -0.22372999999999998
14 21 -14.39148
15 20 -24.857809
16 19 -28.84621
17 18 -29.013531999999998
18 17 -23.047289
19 16 -11.172893
20 15 5.19
21 14 27.1
11 25 45.903
12 24 20.380159
13 23 5.950384
14 22 -12.436125
15 21 -20.251044999999998
16 20 -30.664141
17 19 -29.522008000000003
18 18 -30.231542
19 17 -17.417182
20 16 -6.451166
21 15 16.15
11 26 53.134
12 25 28.211478
13 24 9.809564
14 23 -6.571511999999999
15 22 -18.996012
16 21 -26.896425999999998
17 20 -31.761552
18 19 -30.947679
19 18 -24.800201
20 17 -13.13607
21 16 3.78
22 15 25.17
11 27 61.905
12 26 34.074
13 25 16.47
14 24 -4.170299
15 23 -14.621565
16 22 -26.861216
17 21 -29.798116
18 20 -34.714827
19 19 -28.800759999999997
20 18 -22.058503
21 17 -4.249
22 16 11.37
11 28 69.977
12 27 42.775
13 26 21.49
14 25 2.3203519999999997
15 24 -12.774636000000001
16 23 -23.162671999999997
17 22 -29.800218
18 21 -33.242195
19 20 -33.80719535
20 19 -27.282707
21 18 -14.172726
22 17 2.5
23 16 22.57
12 28 49.55
13 27 28.82
14 26 5.666876
15 25 -8.139189
16 24 -22.83785
17 23 -27.557818
18 22 -35.03989997
19 21 -33.53549700000001
20 20 -34.846402000000005
21 19 -20.523353
22 18 -8.993439
23 17 12.47
12 29 58.1
13 28 34.59
14 27 13.2
15 26 -4.979767
16 25 -19.008580000000002
17 24 -27.307192
18 23 -33.06751
19 22 -35.559548799999995
20 21 -35.137908
21 20 -28.64236
22 19 -15.697539
23 18 0.31
24 17 20.41
13 29 41.99
14 28 16.84
15 27 1.0918420000000002
16 26 -17.637748
17 25 -24.83177
18 24 -34.422678
19 23 -35.022031000000005
20 22 -38.547292999999996
21 21 -32.121003
22 20 -25.104353
23 19 -7.62
24 18 7.06
13 30 48.27
14 29 24.33
15 28 5.04
16 27 -12.195461
17 26 -24.159509999999997
18 25 -32.009811
19 24 -36.575394
20 23 -38.408873
21 22 -36.18815
22 21 -29.315591
23 20 -17.916358
24 19 -1.97
25 18 17.37
14 30 29.31
15 29 11.11
16 28 -9.204236000000002
17 27 -20.478973000000003
18 26 -32.67326
19 25 -35.781498
20 24 -41.46873
21 23 -37.81603500000001
22 22 -37.548586
23 21 -23.808079000000003
24 20 -13.421899
25 19 7.46
14 31 37.09
15 30 15.96
16 29 -3.34
17 28 -18.262544000000002
18 27 -29.770801
19 26 -36.615643
20 25 -40.81223000000001
21 24 -41.072321
22 23 -39.010266
23 22 -31.886440999999998
24 21 -19.514801
25 20 -4.98
26 19 14.408
15 31 22.84
16 30 0.64
17 29 -13.734949
18 28 -29.771255
19 27 -35.413928999999996
20 26 -43.13961
21 25 -41.761643
22 24 -44.128269
23 23 -37.075897
24 22 -29.47157
25 21 -12.417748
26 20 1.21
15 32 28.81
16 31 7.2
17 30 -9.58
18 29 -25.367274000000002
19 28 -35.711982000000006
20 27 -42.344665
21 26 -44.336842
22 25 -44.937612
23 24 -42.00707
24 23 -34.563093
25 22 -22.566376
26 21 -7.13
27 20 10.62
16 32 12.39
17 31 -4.28
18 30 -22.354927
19 29 -32.284482
20 28 -44.224868
21 27 -44.504083
22 26 -48.492951999999995
23 25 -44.478004999999996
24 24 -42.821313
25 23 -29.296644
26 22 -18.008575
27 21 1.73
28 20 18.178
16 33 20.391
17 32 0.74
18 31 -17.06
19 30 -29.611496
20 29 -41.300003
21 28 -46.562447
22 27 -48.564012000000005
23 26 -47.962157
24 25 -45.332352
25 24 -37.619925
26 23 -24.75073
27 22 -9.78
28 21 8.53
17 33 7.7
18 32 -13.23
19 31 -25.727853
20 30 -39.58923
21 29 -44.53712
22 28 -51.431867
23 27 -49.22324
24 26 -50.261364
25 25 -42.626886
26 24 -34.476459999999996
27 23 -17.589402999999997
28 22 -3.46
17 34 14.29
18 33 -6.49
19 32 -22.515456999999998
20 31 -36.33231
21 30 -43.250353000000004
22 29 -49.73296499999999
23 28 -52.203105
24 27 -51.450714999999995
25 26 -48.243224999999995
26 25 -40.189184999999995
27 24 -27.342146
28 23 -11.65
17 35 22.36
18 34 -1.38
19 33 -17.137628
20 32 -34.266272
21 31 -40.523559999999996
22 30 -49.477698
23 29 -51.443032
24 28 -55.419508
25 27 -50.711387
26 26 -48.332095
27 25 -34.343979
28 24 -22.559856
29 23 -1.88
18 35 6.791
19 34 -12.295722
20 33 -29.387707
21 32 -38.769555
22 31 -46.881432999999994
23 30 -51.851675
24 29 -55.287618
25 28 -54.690349999999995
26 27 -50.947483
27 26 -42.659375999999995
28 25 -29.630827
29 24 -13.14
18 36 12.56
19 35 -5.15
20 34 -25.160587
21 33 -34.437934
22 32 -45.743812
23 31 -49.898267
24 30 -56.935379
25 29 -55.558247
26 28 -56.254615
27 27 -48.010068
28 26 -39.278312
29 25 -21.24
30 24 -5.702
19 36 0.47
20 35 -18.650375
21 34 -30.842108
22 33 -41.832468999999996
23 32 -49.125136
24 31 -55.110324
25 30 -57.712542
26 29 -57.481422
27 28 -54.029996
28 27 -45.335961000000005
29 26 -31.635403
30 25 -14.27
19 37 7.98
20 36 -13.51039
21 35 -25.515848000000002
22 34 -39.422995
23 33 -46.183400999999996
24 32 -55.285128
25 31 -56.911666
26 30 -60.607163
27 29 -56.040518
28 28 -53.907649
29 27 -38.629733
30 26 -25.39
31 25 -3.84
19 38 14.13
20 37 -6.56
21 36 -21.379652999999998
22 35 -34.401848
23 34 -44.435063
24 33 -52.524985
25 32 -57.486279
26 31 -60.182017
27 30 -59.345658
28 29 -56.083961
29 28 -47.309014000000005
30 27 -32.55
31 26 -15.41
19 39 21.93
20 38 -1.53
21 37 -15.479569
22 36 -30.917668000000003
23 35 -40.430584
24 34 -51.991808
25 33 -55.827568
26 32 -62.155271
27 31 -59.847292
28 30 -60.228871
29 29 -51.667851
30 28 -42.298871
31 27 -23.54
32 26 -7.58
19 40 28.75
20 39 5.81
21 38 -10.82955
22 37 -25.88
23 36 -37.610617
24 35 -48.115930999999996
25 34 -55.525328
26 33 -60.664957
27 32 -62.229838
28 31 -61.156833
29 30 -56.358453999999995
30 29 -47.215678
31 28 -33.76
32 27 -16.37
20 40 11.0
21 39 -4.55
22 38 -22.099698
23 37 -33.087402000000004
24 36 -46.9085
25 35 -52.967946000000005
26 34 -61.413174
27 33 -61.650437
28 32 -64.473243
29 31 -58.345262000000005
30 30 -54.17447
31 29 -39.59
32 28 -27.53
33 27 -5.64
20 41 19.01
21 40 0.5
22 39 -16.37
23 38 -30.177121
24 37 -42.496502
25 36 -51.742129999999996
26 35 -58.920503
27 34 -62.898179
28 33 -64.222029
29 32 -61.984063
30 31 -56.348906
31 30 -47.134662
32 29 -33.79
33 28 -17.2
21 41 7.31
22 40 -12.2
23 39 -25.213164
24 38 -40.852610999999996
25 37 -48.523965
26 36 -58.878057
27 35 -61.424399
28 34 -66.74644
29 33 -62.787543
30 32 -61.168088000000004
31 31 -51.987021999999996
32 30 -42.14
33 29 -24.42
21 42 13.07
22 41 -5.86
23 40 -21.740141
24 39 -36.178298999999996
25 38 -46.887061
26 37 -55.635629
27 36 -61.851553
28 35 -65.512891
29 34 -65.579868
30 33 -62.213429
31 32 -56.5471
32 31 -46.921220999999996
33 30 -33.5
34 29 -16.85
22 42 -1.48
23 41 -16.32
24 40 -33.639978
25 39 -42.98904
26 38 -54.969552
27 37 -59.792442
28 36 -67.099034
29 35 -65.424418
30 34 -66.004018
31 33 -58.832826999999995
32 32 -54.315503
33 31 -39.532
34 30 -26.86
22 43 5.21
23 42 -12.11
24 41 -28.31
25 40 -40.967344
26 39 -51.217902
27 38 -59.185205
28 37 -65.12579600000001
29 36 -67.263677
30 35 -65.912024
31 34 -62.657486
32 33 -56.478223
33 32 -46.937056
34 31 -33.02
35 30 -16.49
23 43 -6.3
24 42 -25.14
25 41 -36.750392
26 40 -50.067847
27 39 -56.408541
28 38 -66.006293
29 37 -66.258289
30 36 -68.899229
31 35 -63.723729
32 34 -61.607040999999995
33 33 -52.025084
34 32 -41.66
35 31 -23.57
23 44 -1.744
24 43 -19.27
25 42 -33.58
26 41 -45.708416
27 40 -55.321783
28 39 -63.742688
29 38 -67.319553
30 37 -67.880376
31 36 -66.87915600000001
32 35 -62.673718
33 34 -56.587232
34 33 -46.580294
35 32 -32.53
36 31 -15.552
24 44 -15.69
25 43 -28.92
26 42 -43.897
27 41 -51.642591
28 40 -63.463822
29 39 -65.567043
30 38 -70.007154
31 37 -67.086054
32 36 -66.978799
33 35 -58.894527000000004
34 34 -54.189449
35 33 -38.791
36 32 -25.626
24 45 -9.63
25 44 -25.36
26 43 -39.199
27 42 -50.385447
28 41 -59.978656
29 40 -65.736221
30 39 -68.417906
31 38 -69.32782
32 37 -67.100674
33 36 -63.112181
34 35 -56.434714
35 34 -46.259478
36 33 -32.14
24 46 -5.64
25 45 -20.45
26 44 -36.89
27 43 -46.52496300000001
28 42 -59.213868000000005
29 41 -62.976381
30 40 -69.56474800000001
31 39 -68.91014999999999
32 38 -70.56203599999999
33 37 -64.333973
34 36 -61.9299
35 35 -51.425627
36 34 -41.1
25 46 -16.62
26 45 -31.93
27 44 -44.369930000000004
28 43 -55.406236
29 42 -62.711134
30 41 -67.328786
31 40 -70.13912699999999
32 39 -69.90665700000001
33 38 -67.89325699999999
34 37 -63.146515
35 36 -56.502426
36 35 -46.327211000000005
37 34 -32.29
25 47 -11.17
26 46 -29.25
27 45 -40.3
28 44 -54.226068
29 43 -59.783006
30 42 -68.145495
31 41 -68.588284
32 40 -72.58591
33 39 -68.229808
34 38 -67.868189
35 37 -59.06175
36 36 -53.940582
37 35 -38.33
25 48 -6.7
26 47 -23.99
27 46 -37.97
28 45 -50.108159
29 44 -58.987445
30 43 -65.59341099999999
31 42 -69.699343
32 41 -71.297532
33 40 -70.95275699999999
34 39 -68.227396
35 38 -63.645787
36 37 -56.551758
37 36 -46.011610999999995
38 35 -31.95
26 48 -20.66
27 47 -33.54
28 46 -48.7
29 45 -56.006213
30 44 -65.75672
31 43 -68.049626
32 42 -73.422451
33 41 -70.860064
34 40 -72.21321
35 39 -65.288161
36 38 -62.331844
37 37 -51.916016000000006
38 36 -40.827
26 49 -14.7
27 48 -30.56
28 47 -44.24
29 46 -54.470219
30 45 -62.558915999999996
31 44 -68.460639
32 43 -71.856973
33 42 -73.03420299999999
34 41 -72.169489
35 40 -69.10702
36 39 -64.323632
37 38 -57.218702
38 37 -46.618702
39 36 -31.82
26 50 -10.59
27 49 -25.66
28 48 -42.19
29 47 -50.981627
30 46 -62.303024
31 45 -66.296648
32 44 -73.212898
33 43 -72.29138400000001
34 42 -75.251959
35 41 -70.28907799999999
36 40 -69.013706
37 39 -60.479089
38 38 -54.247645
39 37 -38.25
27 50 -21.91
28 49 -37.35
29 48 -48.862828
30 47 -58.789203
31 46 -65.992352
32 45 -71.21287
33 44 -73.916334
34 43 -74.599497
35 42 -73.234818
36 41 -70.169451
37 40 -64.8305
38 39 -57.803443
39 38 -46.439
40 37 -31.6
27 51 -15.32
28 50 -34.88
29 49 -44.789474
30 48 -57.483242
31 47 -63.704085
32 46 -71.862058
33 45 -72.81697
34 44 -77.025952
35 43 -73.452168
36 42 -74.178283
37 41 -66.93542699999999
38 40 -63.173949
39 39 -52.173
40 38 -40.85
28 51 -28.16
29 50 -42.408038999999995
30 49 -53.432302
31 48 -62.548355
32 47 -69.52717999999999
33 46 -73.636081
34 45 -75.917466
35 44 -76.068067
36 43 -74.44229
37 42 -70.802778
38 41 -65.479664
39 40 -57.802935
40 39 -46.77
41 38 -31.65
28 52 -23.24
29 51 -36.679
30 50 -51.648619
31 49 -59.223675
32 48 -69.535314
33 47 -72.214601
34 46 -77.759487
35 45 -75.88902499999999
36 44 -77.893455
37 43 -72.17547599999999
38 42 -70.31146700000001
39 41 -61.148162
40 40 -54.76
41 39 -38.42
28 53 -16.09
29 52 -31.91
30 51 -46.199669
31 50 -57.627962
32 49 -66.291695
33 48 -72.533314
34 47 -76.389019
35 46 -77.977051
36 45 -77.696199
37 44 -75.456704
38 43 -71.52813400000001
39 42 -65.712919
40 41 -57.524418
41 40 -46.36
42 39 -31.46
28 54 -10.72
29 53 -25.73
30 52 -42.31396
31 51 -52.930724999999995
32 50 -65.415075
33 49 -70.10542699999999
34 48 -77.593895
35 47 -77.498677
36 46 -80.59179509
37 45 -76.18781299999999
38 44 -76.010062
39 43 -68.06409699999999
40 42 -63.614063
41 41 -51.81
42 40 -40.37
29 54 -20.39
30 53 -36.29
31 52 -49.257129
32 51 -60.976442000000006
33 50 -69.669331
34 49 -75.34054300000001
35 48 -79.013721
36 47 -79.99064299999999
37 46 -79.070639
38 45 -76.79761599999999
39 44 -72.205672
40 43 -65.911659
41 42 -57.61291000000001
42 41 -46.34
43 40 -31.32
29 55 -13.72
30 54 -31.83
31 53 -44.094136
32 52 -58.148435
33 51 -65.853568
34 50 -75.947731
35 49 -77.78309399999999
36 48 -82.43934527
37 47 -79.758975
38 46 -80.64958
39 45 -73.894439
40 44 -71.421692
41 43 -61.193842
42 42 -54.17
43 41 -37.7
30 55 -25.1
31 54 -39.744059
32 53 -53.12342700000001
33 52 -63.189152
34 51 -72.413645
35 50 -78.575478
36 49 -81.480341
37 48 -82.16734065
38 47 -81.10328999999999
39 46 -77.842131
40 45 -73.175196
41 44 -66.27968399999999
42 43 -57.50976
43 42 -45.85
44 41 -30.63
30 56 -20.062
31 55 -33.76
32 54 -49.399927000000005
33 53 -58.96215
34 52 -70.503175
35 51 -75.632261
36 50 -83.26567593
37 49 -82.74700299999999
38 48 -84.52309977
39 47 -79.2831
40 46 -77.969023
41 45 -69.134061
42 44 -64.110927
43 43 -51.57
44 42 -39.77
31 56 -28.87
32 55 -43.59
33 54 -55.617914
34 53 -66.42613300000001
35 52 -73.891685
36 51 -80.709531
37 50 -84.597802
38 49 -84.88007643
39 48 -83.018387
40 47 -79.34714699999999
41 46 -73.874493
42 45 -66.884817
43 44 -57.690052
44 43 -45.73
31 57 -22.39
32 56 -39.52
33 55 -50.45
34 54 -63.884203
35 53 -70.715967
36 52 -79.691295
37 51 -82.609004
38 50 -87.92162876
39 49 -84.29902899999999
40 48 -83.628874
41 47 -76.171555
42 46 -72.686553
43 45 -61.670301
44 44 -54.34
45 43 -36.86
32 57 -33.04
33 56 -46.53
34 55 -58.992398
35 54 -68.274271
36 53 -76.535795
37 52 -81.712399
38 51 -86.209026
39 50 -87.711202
40 49 -84.87797400000001
41 48 -80.625755
42 47 -75.014944
43 46 -67.394857
44 45 -58.369424
45 44 -45.651
32 58 -28.47
33 57 -40.99
34 56 -55.800222999999995
35 55 -64.000306
36 54 -74.959259
37 53 -79.365573
38 52 -85.950945
39 51 -86.496912
40 50 -88.772547
41 49 -82.661531
42 48 -80.17251399999999
43 47 -70.724696
44 46 -64.883801
45 45 -51.634
46 44 -39.71
33 58 -36.5
34 57 -50.58013
35 56 -61.107301
36 55 -70.973974
37 54 -77.745049
38 53 -83.65195
39 52 -86.351321
40 51 -87.89559200000001
41 50 -86.638028
42 49 -82.208834
43 48 -75.98665700000001
44 47 -68.239833
45 46 -58.57
46 45 -46.17
33 59 -30.38
34 58 -46.724
35 57 -56.232811999999996
36 56 -68.769329
37 55 -74.77244999999999
38 54 -82.867371
39 53 -84.816494
40 52 -88.459024
41 51 -86.45329
42 50 -86.808587
43 49 -78.925703
44 48 -74.301211
45 47 -62.999095000000004
46 46 -54.779095
47 45 -37.53
34 59 -40.86
35 58 -52.890235000000004
36 57 -64.136002
37 56 -72.6199
38 55 -80.085844
39 54 -84.227155
40 53 -87.122028
41 52 -87.21284
42 51 -86.807079
43 50 -83.606116
44 49 -77.216723
45 48 -69.01181
46 47 -58.981809999999996
47 46 -46.4
34 60 -36.803
35 59 -47.65
36 58 -61.34778
37 57 -68.562791
38 56 -78.84572100000001
39 55 -82.351473
40 54 -87.26933199999999
41 53 -86.369063
42 52 -88.414079
43 51 -84.158332
44 50 -82.583602
45 49 -72.907623
46 48 -66.102281
47 47 -52.402
48 46 -40.44
34 61 -30.46
35 60 -43.85
36 59 -56.158919999999995
37 58 -65.890307
38 57 -75.117284
39 56 -81.207937
40 55 -85.65994
41 54 -86.786272
42 53 -87.711872
43 52 -86.021355
44 51 -83.45775900000001
45 50 -78.340616
46 49 -69.965913
47 48 -59.906
48 47 -47.056
35 61 -38.21
36 60 -53.081682
37 59 -61.354351
38 58 -72.918248
39 57 -78.329986
40 56 -85.43886
41 55 -85.60283
42 54 -88.794889
43 53 -85.821648
44 52 -86.08038499999999
45 51 -79.687732
46 50 -76.18342
47 49 -64.511645
48 48 -55.572
49 47 -38.09
35 62 -34.0
36 61 -47.42349900000001
37 60 -58.519144999999995
38 59 -68.580674
39 58 -76.115455
40 57 -82.936693
41 56 -85.60279700000001
42 55 -87.54469999999999
43 54 -87.224436
44 53 -86.120564
45 52 -82.597564
46 51 -77.805852
47 50 -70.904027
48 49 -60.734027000000005
49 48 -47.39
35 63 -28.05
36 62 -44.12
37 61 -54.369152
38 60 -66.422389
39 59 -72.28874800000001
40 58 -81.281757
41 57 -83.52461199999999
42 56 -88.11598
43 55 -86.432214
44 54 -88.224871
45 53 -83.175219
46 52 -81.32098500000001
47 51 -73.06642500000001
48 50 -67.636425
49 49 -53.906
36 63 -38.4
37 62 -51.12115
38 61 -62.518527
39 60 -70.64372999999999
40 59 -77.61667
41 58 -82.33534399999999
42 57 -85.970106
43 56 -87.327869
44 55 -87.625385
45 54 -85.58452199999999
46 53 -82.182861
47 52 -76.71248299999999
48 51 -69.93113199999999
49 50 -61.376
50 49 -47.976
36 64 -34.47
37 63 -46.265884
38 62 -59.817505
39 61 -67.321241
40 60 -76.372736
41 59 -79.791246
42 58 -86.193029
43 57 -86.020951
44 56 -89.227391
45 55 -85.59113
46 54 -85.21267200000001
47 53 -78.137969
48 52 -74.194595
49 51 -64.178146
50 50 -57.148146000000004
36 65 -28.58
37 64 -42.567417
38 63 -55.324914
39 62 -65.05478699999999
40 61 -73.16098699999999
41 60 -78.891488
42 59 -83.519952
43 58 -86.34459299999999
44 57 -87.958113
45 56 -87.412428
46 55 -85.432145
47 54 -81.334384
48 53 -75.836466
49 52 -68.544901
50 51 -60.305624
37 65 -37.252311999999996
38 64 -52.159311
39 63 -61.172641000000006
40 62 -71.58142699999999
41 61 -76.298265
42 60 -83.56086599999999
43 59 -84.57292100000001
44 58 -89.106435
45 57 -86.783316
46 56 -87.902963
47 55 -82.246702
48 54 -79.65970200000001
49 53 -70.694896
50 52 -64.934896
51 51 -51.1
37 66 -33.16
38 65 -47.28
39 64 -58.457034
40 63 -67.808993
41 62 -75.028667
42 61 -80.95433100000001
43 60 -84.60392
44 59 -87.267168
45 58 -88.031705
46 57 -87.45698
47 56 -84.80270200000001
48 55 -80.65162600000001
49 54 -74.632397
50 53 -67.092
51 52 -56.67
37 67 -27.45
38 66 -43.76
39 65 -54.08
40 64 -65.71766000000001
41 63 -71.810997
42 62 -80.343748
43 61 -82.498969
44 60 -88.095763
45 59 -86.959344
46 58 -89.39512300000001
47 57 -85.11647
48 56 -83.968391
49 55 -76.182675
50 54 -71.62705700000001
51 53 -59.295
52 52 -49.626830999999996
38 67 -38.19
39 66 -50.57
40 65 -61.458273999999996
41 64 -69.915547
42 63 -77.330788
43 62 -82.286303
44 61 -85.934543
45 60 -87.85127
46 59 -88.417905
47 58 -87.070848
48 57 -84.333849
49 56 -79.640582
50 55 -73.338001
51 54 -64.015491
52 53 -52.811509
38 68 -34.3
39 67 -45.79
40 66 -58.749
41 65 -66.202678
42 64 -76.12800299999999
43 63 -79.776253
44 62 -86.323253
45 61 -86.362656
46 60 -89.907543
47 59 -86.94239900000001
48 58 -87.132153
49 57 -80.60815
50 56 -77.35369800000001
51 55 -66.473301
52 54 -58.219758999999996
53 53 -43.3
38 69 -28.25
39 68 -41.97
40 67 -54.02
41 66 -63.723805
42 65 -72.54497500000001
43 64 -78.749967
44 63 -83.862565
45 62 -86.863711
46 61 -88.372654
47 60 -88.4067
48 59 -86.990325
49 58 -83.566667
50 57 -78.51223900000001
51 56 -70.653248
52 55 -60.657
53 54 -49.43
39 69 -36.78
40 68 -50.95
41 67 -59.545198
42 66 -70.74929700000001
43 65 -75.922831
44 64 -83.66140399999999
45 63 -85.031156
46 62 -89.524215
47 61 -87.606792
48 60 -89.252423
49 59 -84.119828
50 58 -82.069949
51 57 -72.445341
52 56 -65.781676
53 55 -52.771
54 54 -42.632357000000006
39 70 -32.48
40 69 -45.73
41 68 -56.689800000000005
42 67 -66.659285
43 66 -74.282828
44 65 -80.738455
45 64 -84.999251
46 63 -87.606484
47 62 -88.719431
48 61 -88.50433
49 60 -86.489526
50 59 -82.63018
51 58 -76.250986
52 57 -67.715399
53 56 -57.672504999999994
54 55 -46.169546000000004
40 70 -42.22
41 69 -52.309914
42 68 -64.535814
43 67 -71.034564
44 66 -80.072629
45 65 -82.828693
46 64 -88.33090399999999
47 63 -87.457306
48 62 -90.34796899999999
49 61 -86.46996899999999
50 60 -85.841993
51 59 -77.449745
52 58 -72.229821
53 57 -60.467844
54 56 -51.922636
40 71 -36.48
41 70 -48.96
42 69 -59.939813
43 68 -69.024675
44 67 -76.785325
45 66 -82.303871
46 65 -85.985886
47 64 -88.215447
48 63 -89.252247
49 62 -88.39205
50 61 -85.938581
51 60 -80.836747
52 59 -73.587487
53 58 -64.953795
54 57 -54.52
55 56 -42.9
40 72 -32.42
41 71 -44.07
42 70 -57.48
43 69 -65.258932
44 68 -75.63087300000001
45 67 -79.73105199999999
46 66 -86.321039
47 65 -86.583729
48 64 -90.57485700000001
49 63 -87.99012699999999
50 62 -88.655049
51 61 -81.598973
52 60 -77.56751799999999
53 59 -67.06333900000001
54 58 -60.026348
55 57 -46.415
40 73 -26.34
41 72 -40.21
42 71 -52.65
43 70 -62.811549
44 69 -71.867816
45 68 -78.76694400000001
46 67 -83.5905
47 66 -87.026825
48 65 -89.043286
49 64 -89.367123
50 63 -88.328129
51 62 -84.416966
52 61 -78.347037
53 60 -71.119517
54 59 -62.203626
55 58 -51.764539
56 57 -39.71
41 73 -34.96
42 72 -49.68
43 71 -58.600294000000005
44 70 -70.221213
45 69 -75.710275
46 68 -83.490346
47 67 -84.930811
48 66 -90.014934
49 65 -88.569807
50 64 -90.559735
51 63 -84.49661599999999
52 62 -81.88967600000001
53 61 -72.638935
54 60 -67.08589900000001
55 59 -54.685928
56 58 -45.905437
41 74 -30.88
42 73 -44.55
43 72 -55.796
44 71 -66.105296
45 70 -74.229228
46 69 -80.425822
47 68 -84.982587
48 67 -88.08448
49 66 -89.53635700000001
50 65 -90.03384600000001
51 64 -87.003412
52 63 -82.06276700000001
53 62 -76.33780499999999
54 61 -68.656757
55 60 -59.699
56 59 -48.92
41 75 -25.23
42 74 -41.21
43 73 -51.214
44 72 -64.068917
45 71 -70.735742
46 70 -79.831026
47 69 -82.542664
48 68 -88.712489
49 67 -88.249758
50 66 -91.525979
51 65 -86.82202000000001
52 64 -85.263793
53 63 -77.420654
54 62 -73.046877
55 61 -62.043
56 60 -54.38
57 59 -40.05
42 75 -35.689
43 74 -48.14
44 73 -59.489871
45 72 -68.896758
46 71 -76.42389
47 70 -82.18191800000001
48 69 -86.418397
49 68 -88.94303500000001
50 67 -90.397742
51 66 -88.639564
52 65 -85.0955
53 64 -80.438568
54 63 -74.185347
55 62 -66.493101
56 61 -57.457906
57 60 -46.271
42 76 -32.37
43 75 -43.29
44 74 -57.0
45 73 -64.88683999999999
46 72 -75.388358
47 71 -79.55380199999999
48 70 -86.701649
49 69 -87.228177
50 68 -91.65284299999999
51 67 -87.99620399999999
52 66 -87.690758
53 65 -80.97105599999999
54 64 -78.079067
55 63 -68.40937699999999
56 62 -62.2
57 61 -49.62
42 77 -26.58
43 76 -40.17
44 75 -52.08
45 74 -62.822802
46 73 -71.40727700000001
47 72 -78.64575900000001
48 71 -83.976939
49 70 -87.698658
50 69 -90.06498500000001
51 68 -89.475539
52 67 -87.182539
53 66 -83.777731
54 65 -78.794488
55 64 -72.305061
56 63 -64.590096
57 62 -55.02
58 61 -43.82
43 77 -35.0
44 76 -49.72
45 75 -58.62
46 74 -70.279604
47 73 -75.651512
48 72 -83.95736500000001
49 71 -85.727741
50 70 -91.097741
51 69 -88.417133
52 68 -89.36216
53 67 -83.74716000000001
54 66 -82.172434
55 65 -73.888649
56 64 -68.888649
57 63 -57.57
58 62 -49.73
43 78 -31.54
44 77 -44.62
45 76 -56.250133999999996
46 75 -66.182337
47 74 -74.402831
48 73 -81.073837
49 72 -85.834593
50 71 -89.19662600000001
51 70 -89.599157
52 69 -88.54311100000001
53 68 -86.245649
54 67 -82.480997
55 66 -77.10234200000001
56 65 -70.744847
57 64 -62.19
58 63 -52.69
59 62 -41.551
43 79 -26.305
44 78 -41.78
45 77 -51.88
46 76 -64.616169
47 75 -71.10611800000001
48 74 -80.612384
49 73 -83.57136100000001
50 72 -89.93995299999999
51 71 -88.334205
52 70 -90.313282
53 69 -86.079282
54 68 -85.35498799999999
55 67 -78.144769
56 66 -74.608952
57 65 -64.543
58 64 -57.874
59 63 -44.78
44 79 -36.55
45 78 -49.19
46 77 -60.429748
47 76 -69.56858100000001
48 75 -77.41418300000001
49 74 -83.429034
50 73 -87.814683
51 72 -89.22288999999999
52 71 -89.170978
53 70 -87.942588
54 69 -85.248258
55 68 -81.04365700000001
56 67 -75.65496300000001
57 66 -68.651
58 65 -60.286
59 64 -50.23
44 80 -33.59
45 79 -44.71
46 78 -58.4
47 77 -66.229951
48 76 -76.699436
49 75 -80.867778
50 74 -88.231475
51 73 -87.619069
52 72 -90.52414200000001
53 71 -87.364555
54 70 -87.667405
55 69 -81.74106
56 68 -79.08978599999999
57 67 -70.258617
58 66 -64.916
59 65 -53.151
60 64 -44.83
44 81 -28.37
45 80 -41.83
46 79 -53.96
47 78 -64.519939
48 77 -73.34809
49 76 -80.41230800000001
50 75 -85.893657
51 74 -88.255094
52 73 -89.021794
53 72 -88.83602400000001
54 71 -87.19936100000001
55 70 -84.089742
56 69 -79.668976
57 68 -73.759492
58 67 -66.658
59 66 -58.07
60 65 -48.07
45 81 -37.2
46 80 -51.79
47 79 -60.72
48 78 -72.255727
49 77 -77.809377
50 76 -86.015135
51 75 -86.393135
52 74 -90.06416800000001
53 73 -87.910496
54 72 -89.14638687
55 71 -84.350683
56 70 -82.669913
57 69 -74.97347599999999
58 68 -70.820565
59 67 -60.324
60 66 -53.38
61 65 -39.75
45 82 -33.73
46 81 -47.22
47 80 -58.65
48 79 -68.741199
49 78 -76.879897
50 77 -83.469578
51 76 -86.69829399999999
52 75 -88.280497
53 74 -88.98321700000001
54 73 -88.320883
55 72 -86.240027
56 71 -82.817955
57 70 -77.89611599999999
58 69 -71.979344
59 68 -64.543
60 67 -55.91
61 66 -45.31
45 83 -27.34
46 82 -44.39
47 81 -54.71
48 80 -67.23824499999999
49 79 -74.190117
50 78 -83.36143
51 77 -84.629852
52 76 -88.993794
53 75 -87.73803
54 74 -89.86053427
55 73 -85.931773
56 72 -85.369156
57 71 -78.625439
58 70 -75.533925
59 69 -66.330764
60 68 -60.53
61 67 -48.22
62 66 -39.15
46 83 -37.88
47 82 -51.87
48 81 -63.122142
49 80 -72.83488899999999
50 79 -80.59059699999999
51 78 -84.629384
52 77 -87.004884
53 76 -88.507176
54 75 -88.69606974999999
55 74 -87.49905
56 73 -85.06086599999999
57 72 -81.32354099999999
58 71 -76.287504
59 70 -69.773566
60 69 -62.375
61 68 -53.18
62 67 -42.33
46 84 -32.73
47 83 -45.898
48 82 -61.117597
49 81 -69.90653
50 80 -80.132217
51 79 -82.28568700000001
52 78 -87.35296000000001
53 77 -86.936188
54 76 -89.880474
55 75 -86.899754
56 74 -87.256776
57 73 -81.627374
58 72 -79.422913
59 71 -71.175464
60 70 -66.596239
61 69 -55.47
62 68 -47.7
63 67 -33.513
46 85 -25.74
47 84 -40.75
48 83 -55.211760000000005
49 82 -68.02436900000001
50 81 -77.264579
51 80 -81.98141199999999
52 79 -85.211022
53 78 -87.442727
54 77 -88.41357492
55 76 -88.055574
56 75 -86.678958
57 74 -83.769265
58 73 -79.708448
59 72 -74.300664
60 71 -67.76804
61 70 -59.77
62 69 -50.28
63 68 -39.464
47 85 -34.4
48 84 -50.46542899999999
49 83 -62.411553999999995
50 82 -76.546554
51 81 -79.635282
52 80 -85.188197
53 79 -85.70350199999999
54 78 -89.27897451
55 77 -87.152693
56 76 -88.434903
57 75 -83.72357799999999
58 74 -82.468688
59 73 -75.22746400000001
60 72 -71.425815
61 71 -61.628
62 70 -55.14
63 69 -42.2
47 86 -29.08
48 85 -44.14
49 84 -57.69
50 83 -70.87389
51 82 -78.923513
52 81 -82.937133
53 80 -85.85730199999999
54 79 -87.64358299999999
55 78 -88.070943
56 77 -87.553512
57 76 -85.494392
58 75 -82.418223
59 74 -77.937591
60 73 -72.33238
61 72 -65.407653
62 71 -57.231
63 70 -47.236
64 69 -36.06
48 86 -39.46
49 85 -51.97
50 84 -66.43375900000001
51 83 -74.019004
52 82 -82.53375199999999
53 81 -84.04344
54 80 -88.12583443
55 79 -86.89116499999999
56 78 -88.950002
57 77 -85.218659
58 76 -84.832898
59 75 -78.528
60 74 -75.646443
61 73 -66.763908
62 72 -61.376
63 71 -49.8
64 70 -41.53
48 87 -32.82
49 86 -47.11
50 85 -60.632252
51 84 -69.690332
52 83 -77.72878999999999
53 82 -83.77918
54 81 -86.413365
55 80 -87.581956
56 79 -87.850655
57 78 -86.643458
58 77 -84.616308
59 76 -80.935872
60 75 -76.21361999999999
61 74 -70.06232899999999
62 73 -62.857222
63 72 -54.148
64 71 -44.25
65 70 -33.053
49 87 -40.97
50 86 -56.17
51 85 -64.50689
52 84 -74.42527899999999
53 83 -79.545225
54 82 -86.42917
55 81 -86.338855
56 80 -88.887079
57 79 -86.037488
58 78 -86.50855
59 77 -81.340421
60 76 -79.199297
61 75 -71.169923
62 74 -66.810899
63 73 -56.244
64 72 -49.09
65 71 -35.9
49 88 -35.83
50 87 -50.15
51 86 -60.060392
52 85 -69.303762
53 84 -76.356268
54 83 -82.383414
55 82 -86.545772
56 81 -87.721401
57 80 -87.140865
58 79 -85.918765
59 78 -83.201814
60 77 -79.583969
61 76 -74.072858
62 75 -67.991655
63 74 -60.145904
64 73 -51.214
65 72 -40.967
50 88 -45.51
51 87 -54.65
52 86 -65.695995
53 85 -71.97991
54 84 -79.972244
55 83 -82.887028
56 82 -88.26180599999999
57 81 -86.513408
58 80 -87.565867
59 79 -83.128867
60 78 -82.017182
61 77 -74.91436999999999
62 76 -71.497772
63 75 -61.749676
64 74 -55.66
65 73 -43.6
66 72 -34.931
50 89 -39.31
51 88 -50.05
52 87 -60.20508
53 86 -68.47096400000001
54 85 -75.64458599999999
55 84 -80.701088
56 83 -84.91391800000001
57 82 -87.222381
58 81 -86.957741
59 80 -84.828652
60 79 -82.01692999999999
61 78 -77.501028
62 77 -72.380229
63 76 -65.398051
64 75 -57.632
65 74 -48.13
66 73 -37.7
50 90 -34.49
51 89 -44.39
52 88 -56.367449
53 87 -63.606223
54 86 -72.98646099999999
55 85 -77.04973799999999
56 84 -83.267905
57 83 -84.31205899999999
58 82 -88.074227
59 81 -84.686227
60 80 -84.257246
61 79 -78.212046
62 78 -75.45594500000001
63 77 -66.985945
64 76 -61.782278
65 75 -50.482278
66 74 -42.83
67 73 -29.317
51 90 -39.54
52 89 -50.67
53 88 -59.926666
54 87 -68.19730899999999
55 86 -74.477351
56 85 -79.732492
57 84 -82.929844
58 83 -85.43105800000001
59 82 -86.014533
60 81 -84.19152
61 80 -80.522932
62 79 -75.933959
63 78 -69.925647
64 77 -63.224231
65 76 -54.540843
66 75 -45.382
67 74 -34.364
51 91 -33.61
52 90 -46.55
53 89 -54.802969
54 88 -65.229648
55 87 -70.514556
56 86 -77.842257
57 85 -80.02395
58 84 -84.532896
59 83 -83.786367
60 82 -85.95005499999999
61 81 -81.14153599999999
62 80 -78.98192999999999
63 79 -71.30892999999999
64 78 -66.95952199999999
65 77 -56.559521999999994
66 76 -50.12
67 75 -37.25
68 74 -27.93
52 91 -40.53
53 90 -50.79
54 89 -60.202881999999995
55 88 -67.675519
56 87 -73.937205
57 86 -78.171467
58 85 -81.60637799999999
59 84 -83.06819999999999
60 83 -84.00231
61 82 -82.96066400000001
62 81 -79.517135
63 80 -74.241311
64 79 -68.231311
65 78 -60.419192
66 77 -52.168949
67 76 -42.048
68 75 -31.16
52 92 -36.22
53 91 -45.33
54 90 -56.872301
55 89 -63.271362
56 88 -71.76713000000001
57 87 -74.84966
58 86 -80.43194199999999
59 85 -80.75058800000001
60 84 -83.748028
61 83 -81.41611599999999
62 82 -81.965626
63 81 -75.619175
64 80 -71.759511
65 79 -62.368188
66 78 -56.570091
67 77 -44.609521
68 76 -36.608
69 75 -22.159
52 93 -30.01
53 92 -41.13
54 91 -51.493337
55 90 -60.054424
56 89 -67.516183
57 88 -72.835325
58 87 -77.067059
59 86 -79.62599
60 85 -81.432004
61 84 -81.267506
62 83 -80.651407
63 82 -77.991524
64 81 -72.926626
65 80 -66.399693
66 79 -58.24260700000001
67 78 -49.120112999999996
68 77 -39.24
69 76 -27.583
53 93 -35.54
54 92 -47.95495
55 91 -55.310379999999995
56 90 -64.866269
57 89 -69.221174
58 88 -75.625868
59 87 -76.67348600000001
60 86 -80.925916
61 85 -79.45436
62 84 -80.99636
63 83 -77.117603
64 82 -76.085823
65 81 -67.763644
66 80 -62.554928
67 79 -51.238227
68 78 -44.322019
69 77 -31.055
53 94 -31.2
54 93 -42.4
55 92 -51.920072999999995
56 91 -60.264036
57 90 -66.678397
58 89 -72.013902
59 88 -75.444093
60 87 -78.146794
61 86 -79.041984
62 85 -79.266048
63 84 -77.544611
64 83 -75.356928
65 82 -70.742674
66 81 -64.196047
67 80 -55.757101000000006
68 79 -46.607814
69 78 -35.974407
54 94 -38.65
55 93 -46.91095
56 92 -57.544911
57 91 -62.708742
58 90 -70.398424
59 89 -72.535452
60 88 -77.408066
61 87 -76.865877
62 86 -79.336067
63 85 -76.297482
64 84 -76.269419
65 83 -70.536947
66 82 -67.859397
67 81 -57.991166
68 80 -51.478997
69 79 -38.765034
70 78 -30.23
54 95 -33.0
55 94 -43.3
56 93 -52.83062
57 92 -60.219921
58 91 -66.669921
59 90 -71.03937300000001
60 89 -74.375535
61 88 -76.064404
62 87 -77.135898
63 86 -76.441317
64 85 -75.127173
65 84 -71.48863899999999
66 83 -67.69399
67 82 -61.645854
68 81 -53.741621
69 80 -43.94
70 79 -33.33
54 96 -28.99
55 95 -38.17
56 94 -49.889799
57 93 -56.311147
58 92 -64.846863
59 91 -68.300509
60 90 -73.679951
61 89 -73.597336
62 88 -77.05133599999999
63 87 -74.79236900000001
64 86 -75.76405100000001
65 85 -71.105789
66 84 -69.309618
67 83 -61.945892
68 82 -57.831323
69 81 -46.491
70 80 -38.83
71 79 -24.771
55 96 -34.28
56 95 -44.94
57 94 -53.310339
58 93 -61.225058
59 92 -66.779681
60 91 -70.943183
61 90 -73.38626
62 89 -74.57647999999999
63 88 -74.653098
64 87 -74.18892
65 86 -71.623541
66 85 -68.75238800000001
67 84 -63.622746
68 83 -58.26629
69 82 -50.771612999999995
70 81 -41.542352
71 80 -30.3
55 97 -29.13
56 96 -41.61
57 95 -49.29
58 94 -58.98
59 93 -63.75807
60 92 -70.149663
61 91 -71.25446799999999
62 90 -74.76297699999999
63 89 -72.8885
64 88 -74.70730400000001
65 87 -70.717304
66 86 -70.117963
67 85 -63.604636
68 84 -60.500218000000004
69 83 -51.720279000000005
70 82 -46.270386
71 81 -33.422
56 97 -36.47
57 96 -46.06
58 95 -54.91
59 94 -61.56849
60 93 -67.33038
61 92 -70.648003
62 91 -72.560059
63 90 -73.36746600000001
64 89 -72.88294400000001
65 88 -71.31361
66 87 -69.143197
67 86 -65.012074
68 85 -60.466682
69 84 -53.97261
70 83 -47.16
71 82 -38.375462
72 81 -27.3
56 98 -32.92
57 97 -41.53
58 96 -52.22
59 95 -57.859602
60 94 -65.579602
61 93 -68.266602
62 92 -72.455564
63 91 -71.738367
64 90 -73.706358
65 89 -70.156707
66 88 -70.394015
67 87 -64.639378
68 86 -62.604974
69 85 -54.427141999999996
70 84 -49.932093
71 83 -39.667
72 82 -32.73
57 98 -37.93
58 97 -47.78
59 96 -55.415335
60 95 -62.283796
61 94 -66.940006
62 93 -70.19120600000001
63 92 -71.818337
64 91 -72.070298
65 90 -71.250439
66 89 -69.155939
67 88 -66.039799
68 87 -62.209171999999995
69 86 -56.625921000000005
70 85 -50.502614
71 84 -42.545055999999995
72 83 -34.31
73 82 -23.988
57 99 -33.05
58 98 -44.82
59 97 -51.449307
60 96 -60.20213
61 95 -64.166847
62 94 -69.360735
63 93 -70.082844
64 92 -72.535333
65 91 -70.09101
66 90 -70.529386
67 89 -65.538403
68 88 -64.211683
69 87 -56.834417
70 86 -53.265538
71 85 -43.69955
72 84 -37.819514000000005
73 83 -26.001
57 100 -29.07
58 99 -39.93
59 98 -48.434805999999995
60 97 -56.494116999999996
61 96 -62.297116
62 95 -66.67765399999999
63 94 -69.459134
64 93 -70.82389599999999
65 92 -70.763848
66 91 -69.424669
67 90 -66.83286199999999
68 89 -63.413648
69 88 -58.709279
70 87 -53.419912
71 86 -46.439818
72 85 -38.855
73 84 -29.595948
74 83 -19.69
58 100 -36.54
59 99 -44.15
60 98 -53.835123
61 97 -59.106142999999996
62 96 -65.251849
63 95 -67.270461
64 94 -70.68996899999999
65 93 -69.470883
66 92 -70.407152
67 91 -66.18739599999999
68 90 -65.303815
69 89 -58.703199999999995
70 88 -56.009620000000005
71 87 -47.212199999999996
72 86 -42.102399
73 85 -31.118
74 84 -23.693
58 101 -31.34
59 100 -40.77
60 99 -49.724007
61 98 -56.554351000000004
62 97 -62.207849
63 96 -66.043386
64 95 -68.561857
65 94 -69.53258199999999
66 93 -69.16722
67 92 -67.32961999999999
68 91 -64.56112
69 90 -60.570404
70 89 -55.833517
71 88 -49.708608999999996
72 87 -42.852606
73 86 -34.439157
74 85 -25.434
75 84 -14.805
59 101 -36.2
60 100 -46.724515
61 99 -52.894639000000005
62 98 -60.233171999999996
63 97 -63.493449
64 96 -67.94206
65 95 -67.836474
66 94 -69.672425
67 93 -66.382425
68 92 -66.064176
69 91 -60.301036999999994
70 90 -58.163227
71 89 -50.269942
72 88 -45.938747000000006
73 87 -35.823699999999995
74 86 -29.329073
75 85 -16.878
59 102 -32.49
60 101 -42.23
61 100 -50.086589
62 99 -56.672042999999995
63 98 -61.791601
64 97 -65.506142
65 96 -67.46177800000001
66 95 -68.05549400000001
67 94 -67.196294
68 93 -65.20129800000001
69 92 -61.898714999999996
70 91 -57.834248
71 90 -52.562349000000005
72 89 -46.315817
73 88 -38.778575
74 87 -30.507
75 86 -20.84282
76 85 -10.196
60 102 -39.01
61 101 -46.04
62 100 -54.379053
63 99 -58.722944000000005
64 98 -64.28072
65 97 -65.879548
66 96 -68.181169
67 95 -66.04056299999999
68 94 -66.33421000000001
69 93 -61.477482
70 92 -59.821163
71 91 -52.831759
72 90 -49.168426
73 89 -39.781405
74 88 -33.999216999999994
75 87 -22.453
76 86 -14.5
60 103 -34.08
61 102 -42.96
62 101 -50.599612
63 100 -56.573819
64 99 -61.388591
65 98 -64.595754
66 97 -66.38085799999999
67 96 -66.378027
68 95 -65.167413
69 94 -62.728413
70 93 -59.293878
71 92 -54.791415
72 91 -49.26932
73 90 -42.534634
74 89 -34.908439
75 88 -26.002253
76 87 -16.336
77 86 -5.31
61 103 -38.36
62 102 -47.925314
63 101 -53.232146
64 100 -59.693688
65 99 -62.104983
66 98 -65.96764900000001
67 97 -64.980517
68 96 -65.94257300000001
69 95 -61.908943
70 94 -61.012171
71 93 -54.642376
72 92 -51.818356
73 91 -43.282805
74 90 -38.235555
75 89 -27.472441
76 88 -20.424723
77 87 -7.483
61 104 -34.67
62 103 -43.51
63 102 -50.729103
64 101 -56.525782
65 100 -60.588849
66 99 -63.612289
67 98 -64.898017
68 97 -64.521353
69 96 -62.930023999999996
70 95 -60.295387999999996
71 94 -56.442248
72 93 -51.635512999999996
73 92 -45.847872
74 91 -38.861316
75 90 -30.659353
76 89 -21.747
77 88 -11.595
78 87 -0.318
62 104 -40.45
63 103 -46.749
64 102 -54.370926
65 101 -57.808778
66 100 -62.584471
67 99 -63.070339
68 98 -64.924145
69 97 -61.886478000000004
70 96 -61.593706
71 95 -56.020987
72 94 -53.858989
73 93 -46.09778
74 92 -41.887471
75 91 -31.837335
76 90 -25.431526
77 89 -13.306
78 88 -4.783
62 105 -35.33
63 104 -43.77
64 103 -50.775732000000005
65 102 -55.883082
66 101 -59.911451
67 100 -62.279459
68 99 -63.289256
69 98 -62.543116999999995
70 97 -60.5899
71 96 -57.526281000000004
72 95 -53.467760999999996
73 94 -48.351064
74 93 -42.093212
75 92 -34.834
76 91 -26.49886
77 90 -17.072448
78 89 -6.753
62 106 -31.64
63 105 -39.25
64 104 -48.15
65 103 -52.781181
66 102 -58.558398000000004
67 101 -60.059231
68 100 -62.989231
69 99 -61.312379
70 98 -61.579867
71 97 -57.072832000000005
72 96 -55.360557
73 95 -48.393913
74 94 -44.89293
75 93 -35.794889000000005
76 92 -29.994995
77 91 -18.66623
78 90 -11.010078
79 89 2.53
63 106 -35.66
64 105 -43.89
65 104 -50.48
66 103 -55.59601
67 102 -58.79601
68 101 -60.921163
69 100 -61.274654000000005
70 99 -60.375527000000005
71 98 -58.082527
72 97 -54.716894999999994
73 96 -50.290434999999995
74 95 -44.917866000000004
75 94 -38.409247
76 93 -30.722984
77 92 -22.093416
78 91 -12.464
79 90 -1.788
63 107 -30.86
64 106 -40.85
65 105 -46.71
66 104 -53.71
67 103 -56.237514000000004
68 102 -60.107514
69 101 -59.795314
70 100 -60.763929
71 99 -57.306233999999996
72 98 -56.25386
73 97 -50.13767
74 96 -47.290803999999994
75 95 -38.903996
76 94 -33.925692000000005
77 93 -23.182
78 92 -16.299202
79 91 -3.703
80 90 5.415
64 107 -36.21
65 106 -43.77
66 105 -50.01
67 104 -54.517822
68 103 -57.717822
69 102 -59.210271
70 101 -59.306818
71 100 -57.828464999999994
72 99 -55.431351
73 98 -51.720279000000005
74 97 -47.086095
75 96 -41.250285000000005
76 95 -34.297238
77 94 -26.412029999999998
78 93 -17.466569
79 92 -7.562303
80 91 3.339
64 108 -32.97
65 107 -39.69
66 106 -47.76
67 105 -51.484
68 104 -56.482578000000004
69 103 -57.373554
70 102 -59.255455999999995
71 101 -56.736076000000004
72 100 -56.402232000000005
73 99 -51.329983
74 98 -49.097191
75 97 -41.566839
76 96 -37.243641000000004
77 95 -27.379373
78 94 -21.106669999999998
79 93 -9.318011
80 92 -1.061361
65 108 -36.51
66 107 -43.74
67 106 -49.351
68 105 -53.654
69 104 -56.256067
70 103 -57.551233999999994
71 102 -56.881014
72 101 -55.41179
73 100 -52.396543
74 99 -48.727388
75 98 -43.55387
76 97 -37.43825
77 96 -30.268455999999997
78 95 -21.936758
79 94 -12.832017
80 93 -2.661
65 109 -31.97
66 108 -41.13
67 107 -45.87
68 106 -51.949
69 105 -53.864521
70 104 -56.944521
71 103 -55.570292
72 102 -55.844583
73 101 -51.740771
74 100 -50.227093
75 99 -43.673101
76 98 -39.995383000000004
77 97 -30.785937
78 96 -25.317608
79 95 -14.058
80 94 -6.641017
66 109 -36.73
67 108 -43.3
68 107 -48.652
69 106 -52.310556
70 105 -54.695555999999996
71 104 -55.165678
72 103 -54.481763
73 102 -52.408653
74 101 -49.6328
75 100 -45.288312
76 99 -40.10536
77 98 -33.394511
78 97 -25.708684
79 96 -17.403686
80 95 -7.969443
66 110 -33.61
67 109 -39.39
68 108 -46.631
69 107 -49.371322
70 106 -53.491322
71 105 -53.382332999999996
72 104 -54.576428
73 103 -51.365379000000004
74 102 -50.641608
75 101 -45.062889999999996
76 100 -42.131184000000005
77 99 -33.881923
78 98 -28.933918000000002
79 97 -18.520967
80 96 -11.784638999999999
81 95 0.5847279999999999
67 110 -36.28
68 109 -42.858
69 108 -47.57
70 107 -50.986404
71 106 -52.383903
72 105 -52.880745000000005
73 104 -51.714745
74 103 -49.701731
75 102 -46.269175000000004
76 101 -41.956447999999995
77 100 -36.047425000000004
78 99 -29.370437000000003
79 98 -21.545736
80 97 -12.775823
81 96 -3.340103
67 111 -32.13
68 110 -40.26
69 109 -44.24
70 108 -49.677139000000004
71 107 -50.337881
72 106 -52.435366
73 105 -50.598
74 104 -50.407066
75 103 -45.653457
76 102 -43.544243
77 101 -36.254314
78 100 -31.997486000000002
79 99 -22.303029
80 98 -16.315345999999998
81 97 -4.613
82 96 3.5733710000000003
68 111 -36.08
69 110 -41.9
70 109 -46.64
71 108 -49.059013
72 107 -50.463036
73 106 -50.357456
74 105 -49.295247
75 104 -46.584312
76 103 -43.020137000000005
77 102 -38.081719
78 101 -32.268127
79 100 -24.988572
80 99 -16.932924
81 98 -8.269632
82 97 2.0516080000000003
68 112 -33.18
69 111 -38.17
70 110 -44.72
71 109 -46.676476
72 108 -49.779476
73 107 -48.933631
74 106 -49.636243
75 105 -45.837364
76 104 -44.356198
77 103 -37.97753
78 102 -34.429875
79 101 -25.625646
80 100 -20.250512999999998
81 99 -9.390438
82 98 -1.941069
69 112 -35.44
70 111 -41.088
71 110 -44.797413999999996
72 109 -47.402958
73 108 -48.439064
74 107 -48.233945
75 106 -46.51741199999999
76 105 -43.549968
77 104 -39.463035000000005
78 103 -34.381497
79 102 -27.87114
80 101 -20.661127
81 100 -12.798748999999999
82 99 -3.1106309999999997
69 113 -31.49
70 112 -38.9
71 111 -41.77
72 110 -46.049636
73 109 -46.430685
74 108 -48.246144
75 107 -45.446144
76 106 -44.609109
77 105 -39.051682
78 104 -36.16842
79 103 -28.303976
80 102 -23.576884999999997
81 101 -13.327213
82 100 -6.824555999999999
70 113 -35.0
71 112 -39.716114000000005
72 111 -43.283547
73 110 -45.293547
74 109 -46.365663
75 108 -45.809663
76 107 -43.66376
77 106 -40.202138
78 105 -35.773197
79 104 -30.191488
80 103 -23.804655
81 102 -16.587260999999998
82 101 -7.580007999999999
70 114 -32.6
71 113 -36.3
72 112 -41.499453
73 111 -42.839453
74 110 -45.705453
75 109 -44.219819
76 108 -44.252565000000004
77 107 -39.610855
78 106 -37.332485999999996
79 105 -30.318714
80 104 -26.344787
81 103 -16.883354999999998
82 102 -11.051585999999999
83 101 1.254
70 115 -28.48
71 114 -33.96
72 113 -38.319804
73 112 -41.394371
74 111 -43.387871
75 110 -43.819047
76 109 -42.805908
77 108 -40.335558
78 107 -36.688144
79 106 -31.858150000000002
80 105 -26.183651
81 104 -19.757745
82 103 -11.541210999999999
83 102 -2.236
71 115 -30.32
72 114 -36.424214
73 113 -38.607602
74 112 -42.508601999999996
75 111 -41.92732
76 110 -43.000032
77 109 -39.17235
78 108 -37.864447
79 107 -31.714856
80 106 -28.539059
81 105 -19.882939999999998
82 104 -14.680897000000002
83 103 -3.1454969999999998
84 102 4.101531
71 116 -27.77
72 115 -33.0
73 114 -36.89555
74 113 -39.904044
75 112 -41.216548
76 111 -41.219015
77 110 -39.549377
78 109 -36.685361
79 108 -33.02878
80 107 -28.118509
81 106 -22.444592
82 105 -14.986955
83 104 -6.383274999999999
84 103 2.823808
71 117 -23.82
72 116 -30.83
73 115 -33.91
74 114 -38.66788
75 113 -39.01688
76 112 -41.137301
77 111 -38.344955
78 110 -37.82097
79 109 -32.371314999999996
80 108 -30.198351
81 107 -22.336402999999997
82 106 -17.811024
83 105 -7.1948
84 104 -0.544378
72 117 -27.15
73 116 -31.96
74 115 -35.809
75 114 -37.979097
76 113 -38.986802000000004
77 112 -38.449652
78 111 -36.469405
79 110 -33.581958
80 109 -29.626378
81 108 -24.616105
82 107 -17.844019
83 106 -10.064664
84 105 -1.421996
72 118 -24.8
73 117 -28.72
74 116 -34.368832000000005
75 115 -35.583014999999996
76 114 -38.707825
77 113 -36.753614
78 112 -37.306504000000004
79 111 -32.83354
80 110 -31.370625
81 109 -24.366236
82 108 -20.416607
83 107 -10.595906000000001
84 106 -4.562708
73 118 -26.52
74 117 -31.176175999999998
75 116 -34.350408
76 115 -36.395239000000004
77 114 -36.708826
78 113 -35.698336000000005
79 112 -33.79791
80 111 -30.591849
81 110 -26.282951
82 109 -20.291242999999998
83 108 -13.239351000000001
84 107 -5.068731
85 106 3.863913
73 119 -23.1
74 118 -29.62
75 117 -31.588828000000003
76 116 -35.882303
77 115 -34.835631
78 114 -36.288525
79 113 -32.772184
80 112 -32.011480999999996
81 111 -25.872249
82 110 -22.551846
83 109 -13.534537
84 108 -8.066483
85 107 2.925742
73 120 -20.81
74 119 -26.19
75 118 -30.231641
76 117 -33.394400999999995
77 116 -34.536305
78 115 -34.479677
79 114 -33.404829
80 113 -31.062165
81 112 -27.477218
82 111 -22.229255000000002
83 110 -15.884563
84 109 -8.325301999999999
85 108 -0.067323
86 107 9.04292
73 121 -17.13
74 120 -24.41
75 119 -27.26
76 118 -32.435176
77 117 -32.531776
78 116 -34.760101000000006
79 115 -32.21195
80 114 -32.183952
81 113 -26.937497999999998
82 112 -24.207866000000003
83 111 -16.02302
84 110 -11.004617
85 109 -0.71649
86 108 5.7246239999999995
74 121 -20.74
75 120 -25.56
76 119 -29.511596
77 118 -31.692318
78 117 -32.793878
79 116 -32.567061
80 115 -31.013342
81 114 -28.155292000000003
82 113 -23.738039
83 112 -18.025567
84 111 -11.116655000000002
85 110 -3.470299
86 109 5.050285
74 122 -18.74
75 121 -22.36
76 120 -28.277123
77 119 -29.435522000000002
78 118 -32.644538
79 117 -31.138718
80 116 -31.825944
81 115 -27.496598000000002
82 114 -25.348234
83 113 -18.009031999999998
84 112 -13.468731
85 111 -3.9131750000000003
86 110 1.9751690000000002
74 123 -14.87
75 122 -20.35
76 121 -25.08
77 120 -28.264122999999998
78 119 -30.419775
79 118 -31.139751
80 117 -30.540231
81 116 -28.354222
82 115 -24.745385
83 114 -19.687196
84 113 -13.393078
85 112 -6.3552550000000005
86 111 1.510368
87 110 10.253968
75 123 -16.99
76 122 -23.6
77 121 -25.71
78 120 -29.904018
79 119 -29.580793
80 118 -30.954314999999998
81 117 -27.528753000000002
82 116 -26.067443
83 115 -19.373851
84 114 -15.473278
85 113 -6.708747000000001
86 112 -1.2303199999999999
87 111 9.577698
75 124 -14.73
76 123 -20.27
77 122 -24.398533999999998
78 121 -27.3887
79 120 -29.093752000000002
80 119 -29.546066
81 118 -28.059397
82 117 -25.231734
83 116 -20.797616
84 115 -15.238828999999999
85 114 -8.823377
86 113 -1.559846
87 112 6.771388
76 124 -18.55
77 123 -21.57
78 122 -26.599178
79 121 -27.240094000000003
80 120 -29.503267
81 119 -27.047227
82 118 -26.250858
83 117 -20.370574
84 116 -16.941683
85 115 -8.987894
86 114 -4.000454
87 113 6.133578000000001
76 125 -14.84
77 124 -19.84
78 123 -23.740705000000002
79 122 -26.400705000000002
80 121 -27.662529
81 120 -27.180778
82 119 -25.271033
83 118 -21.429006
84 117 -16.521166
85 116 -10.789441
86 115 -4.107412999999999
87 114 3.588573
88 113 11.936817
76 126 -12.53
77 125 -16.64
78 124 -22.692128
79 123 -24.352982
80 122 -27.34531
81 121 -25.980419
82 120 -25.940608
83 119 -20.750854
84 118 -17.941569
85 117 -10.595106
86 116 -6.274560999999999
87 115 3.101538
88 114 9.0749
76 127 -7.27
77 126 -14.37
78 125 -19.51
79 124 -23.143444
80 123 -25.269203
81 122 -25.761309
82 121 -24.786483
83 120 -21.524893
84 119 -17.310819
85 118 -12.162607
86 117 -6.184045
87 116 0.8764120000000001
88 115 8.601331
77 127 -9.57
78 126 -17.62
79 125 -20.39
80 124 -24.690148
81 123 -24.34607
82 122 -25.109814999999998
83 121 -20.645927
84 120 -18.341044999999998
85 119 -11.875252
86 118 -7.970115
87 117 0.607308
88 116 6.061097
77 128 -5.6
78 127 -12.82
79 126 -18.57
80 125 -22.287719000000003
81 124 -23.820802
82 123 -23.770162
83 122 -21.065569
84 121 -17.521398
85 120 -12.984519
86 119 -7.709764
87 118 -1.309816
88 117 5.803853
89 116 14.106689000000001
78 128 -9.24
79 127 -14.19
80 126 -20.945728
81 125 -22.253293000000003
82 124 -23.785506
83 123 -20.028201
84 122 -18.188668
85 121 -12.439388000000001
86 120 -9.132918
87 119 -1.246859
88 118 3.565613
89 117 13.484754
78 129 -4.14
79 128 -10.64
80 127 -16.487446
81 126 -21.034436000000003
82 125 -22.451968
83 124 -20.054554
84 123 -17.1457
85 122 -13.227482
86 121 -8.634742000000001
87 120 -2.849021
88 119 3.513988
89 118 11.146227999999999
78 130 -0.5
79 129 -5.91
80 128 -13.265407999999999
81 127 -16.750121
82 126 -21.748519
83 125 -18.870151
84 124 -17.469206999999997
85 123 -12.469901
86 122 -9.655389
87 121 -2.6649279999999997
88 120 1.7279339999999999
89 119 10.760854
90 118 16.688041000000002
79 130 -2.23
80 129 -8.61
81 128 -13.644793
82 127 -17.614574
83 126 -18.258589
84 125 -16.366015
85 124 -12.883773
86 123 -8.941049000000001
87 122 -3.7821439999999997
88 121 1.8582400000000001
89 120 8.844887
90 119 16.395
79 131 2.68
80 130 -5.3
81 129 -9.246996
82 128 -14.728429
83 127 -14.791905
84 126 -15.953059999999999
85 125 -11.972099
86 124 -9.604764
87 123 -3.343508
88 122 0.442839
89 121 8.764078999999999
90 120 14.059521
80 131 -0.39
81 130 -6.077999
82 129 -10.493012
83 128 -11.859116
84 127 -12.432492
85 126 -11.647191000000001
86 125 -8.75533
87 124 -4.140314
88 123 0.83187
89 122 7.143485
90 121 13.876396000000002
91 120 22.052225999999997
80 132 3.02
81 131 -1.551
82 130 -7.548929
83 129 -8.117943
84 128 -10.369408
85 127 -8.628148999999999
86 126 -8.659218999999998
87 125 -3.515998
88 124 -0.198763
89 123 7.299600000000001
90 122 12.110886
91 121 21.596523
80 133 8.2
81 132 1.7838109999999998
82 131 -3.203598
83 130 -5.231671
84 129 -6.653519
85 128 -6.579522
86 127 -5.695949
87 126 -3.554199
88 125 0.345557
89 124 6.1410290000000005
90 123 12.120108
91 122 19.654194
80 134 11.77
81 133 6.465
82 132 -0.18301900000000002
83 131 -1.20078
84 130 -4.469971999999999
85 129 -3.379151
86 128 -4.3196639999999995
87 127 -0.958327
88 126 0.09273999999999999
89 125 6.433272
90 124 10.694932000000001
91 123 19.459895
80 135 17.11
81 134 10.03
82 133 4.342245
83 132 1.6292719999999998
84 131 -0.541771
85 130 -1.256583
86 129 -1.16899
87 128 0.318137
88 127 2.5319949999999998
89 126 6.03055
90 125 10.921434
91 124 17.804537
92 123 24.889312
80 136 20.92
81 135 14.87
82 134 7.51
83 133 5.873988000000001
84 132 1.782336
85 131 2.256678
86 130 0.25331200000000004
87 129 2.971022
88 128 3.291466
89 127 8.149736
90 126 10.298537
91 125 17.823798999999998
92 124 23.066429
81 136 18.66
82 135 12.26
83 134 8.729963
84 133 5.883452
85 132 4.394598
86 131 3.658566
87 130 4.3146629999999995
88 129 5.889536
89 128 8.702321
90 127 12.20578
91 126 17.054748
92 125 22.971
81 137 23.71
82 136 15.63
83 135 13.216038000000001
84 134 8.356652
85 133 8.100218
86 132 5.217413
87 131 7.0594399999999995
88 130 6.645556
89 129 10.850845
90 128 12.366747
91 127 18.649568
92 126 21.894655
82 137 20.62
83 136 16.32
84 135 12.681361
85 134 10.396021000000001
86 133 8.829336999999999
87 132 8.616939
88 131 9.393853
89 130 11.569552999999999
90 129 14.46278
91 128 18.583223
92 127 23.295953
93 126 29.436951
82 138 24.13
83 137 20.96
84 136 15.263461999999999
85 135 14.375748
86 134 10.611994000000001
87 133 11.482332
88 132 10.272091
89 131 13.743754999999998
90 130 14.689538
91 129 20.278397000000002
92 128 23.013
93 127 30.475022
83 138 24.2
84 137 19.773757
85 136 16.782729
86 135 14.471354
87 134 13.277251
88 133 12.963877
89 132 14.531048
90 131 16.939926
91 130 20.374937000000003
92 129 24.519996
93 128 29.91
94 127 35.93
83 139 28.95
84 138 22.486268
85 137 20.953028
86 136 16.371957000000002
87 135 16.378103
88 134 14.320205
89 133 16.621796999999997
90 132 17.203039
91 131 22.064361
92 130 24.272834
93 129 31.274641
94 128 35.06
83 140 32.24
84 139 27.079
85 138 23.428008000000002
86 137 20.389738
87 136 18.382329000000002
88 135 17.233245
89 134 17.825055
90 133 19.385402
91 132 22.337614000000002
92 131 26.045278
93 130 30.658583
94 129 36.121
95 128 42.7
83 141 37.07
84 140 29.91
85 139 27.711018
86 138 22.445098
87 137 21.748614
88 136 18.825832
89 135 20.234148
90 134 19.995580999999998
91 133 23.862351
92 132 25.74269
93 131 32.032248
94 130 35.28
95 129 43.26
84 141 34.58
85 140 30.3
86 139 26.534143
87 138 23.820601999999997
88 137 21.993044
89 136 21.637305
90 135 22.310192999999998
91 134 24.35664
92 133 27.372001
93 132 31.618098000000003
94 131 36.3
95 130 42.39
84 142 37.549
85 141 34.66
86 140 28.747194
87 139 27.520539
88 138 23.667576
89 137 24.309201
90 136 23.197649000000002
91 135 26.0336
92 134 27.328796999999998
93 133 32.816877
94 132 35.63
95 131 42.97
84 143 42.281
85 142 37.43
86 141 32.885835
87 140 29.682445
88 139 27.177464
89 138 25.849515
90 137 25.804758999999997
91 136 26.830371
92 135 29.045034
93 134 32.579018
94 133 36.77
95 132 42.18
85 143 41.88
86 142 35.243466
87 141 33.384221
88 140 28.940193999999998
89 139 28.894654
90 138 26.770899
91 137 28.923599
92 136 29.220001
93 135 33.825
94 134 36.107809
95 133 42.85
85 144 44.89
86 143 39.3624
87 142 35.668253
88 141 32.561963
89 140 30.689936000000003
90 139 29.585517
91 138 29.896848000000002
92 137 31.21062
93 136 33.801378
94 135 37.394923999999996
95 134 42.180414
86 144 42.17
87 143 39.486769
88 142 34.516306
89 141 33.838386
90 140 30.862512
91 139 32.173543
92 138 31.615016999999998
93 137 35.236615
94 136 36.93217
95 135 42.872
86 145 46.55
87 144 42.080574999999996
88 143 38.216488
89 142 35.762853
90 141 33.815811000000004
91 140 33.424338000000006
92 139 33.805952
93 138 35.623686
94 137 38.308577
95 136 42.41
96 135 47.27
87 145 46.072834
88 144 40.496955
89 143 39.154423
90 142 35.446709999999996
91 141 35.946549
92 140 34.609445
93 139 37.359
94 138 38.360915
95 137 43.42
96 136 46.333
87 146 48.920052000000005
88 145 44.334061999999996
89 144 41.308037
90 143 38.731642
91 142 37.48941000000001
92 141 36.919110999999994
93 140 37.948531
94 139 40.051836
95 138 43.285
96 137 47.29333999999999
97 136 52.771
88 146 46.930629
89 145 44.841195
90 144 40.612958
91 143 40.33887
92 142 38.144959
93 141 39.954806
94 140 40.349985999999994
95 139 44.462
96 138 46.722411
97 137 53.395
88 147 51.13
89 146 47.35716
90 145 44.017754000000004
91 144 42.288900999999996
92 143 40.918782
93 142 41.043044
94 141 42.182345999999995
95 140 44.624601999999996
96 139 48.013
97 138 52.77
89 147 51.220998
90 146 46.255203
91 145 45.333955
92 144 42.444582000000004
93 143 43.378094
94 142 42.901508
95 141 46.041
96 140 47.85282
97 139 53.542
89 148 54.02
90 147 49.955097
91 146 47.527624
92 145 45.390133
93 144 44.871599
94 143 45.091662
95 142 46.57
96 141 49.247150999999995
97 140 53.21
98 139 57.938255
90 148 52.525
91 147 50.894042999999996
92 146 47.307732
93 145 47.454597
94 144 46.163148
95 143 48.421421
96 142 49.445203
97 141 54.216
98 140 57.278
90 149 56.5
91 148 53.337
92 147 50.572668
93 146 49.311004999999994
94 145 48.58822
95 144 49.39036
96 143 51.146962
97 142 54.25
98 141 58.202
99 140 63.63
91 149 57.01
92 148 52.715497000000006
93 147 52.316229
94 146 50.125319000000005
95 145 51.51011
96 144 51.724222000000005
97 143 55.664
98 142 57.988718999999996
99 141 64.225
91 150 59.74
92 149 56.197
93 148 54.315115
94 147 52.955115
95 146 52.934335
96 145 53.701769999999996
97 144 55.981
98 143 59.327
99 142 63.893
100 141 69.22
92 150 58.62
93 149 57.416875999999995
94 148 54.716876
95 147 55.468014000000004
96 146 54.803699
97 145 57.752
98 144 59.386982
99 143 64.801
100 142 68.4
92 151 62.48
93 150 59.806
94 149 57.754561
95 148 57.175005
96 147 57.181936
97 146 58.689629000000004
98 145 60.99
99 144 64.747
100 143 69.316
93 151 63.24
94 150 59.806021
95 149 59.879135000000005
96 148 58.451835
97 147 60.713825
98 146 61.478096
99 145 66.026
100 144 68.964
101 143 75.597
93 152 65.85
94 151 63.178173
95 150 61.900417000000004
96 149 61.004523999999996
97 148 61.813776
98 147 63.385151
99 146 66.315
100 145 70.192
101 144 75.325
94 152 65.394772
95 151 64.994
96 150 62.616912
97 149 63.966911999999994
98 148 64.090228
99 147 67.81880199999999
100 146 70.191187
101 145 76.115
94 153 69.21
95 152 67.153
96 151 65.533105
97 150 65.489521
98 149 66.10939200000001
99 148 68.57839299999999
100 147 71.672
101 146 75.936
95 153 70.563
96 152 67.39274800000001
97 151 68.131053
98 150 67.237951
99 149 70.299
100 148 71.89779300000001
101 147 76.948
102 146 80.689
95 154 73.104
96 153 70.75069599999999
97 152 69.846333
98 151 69.72273299999999
99 150 71.175
100 149 73.519143
101 148 77.180952
102 147 81.787
96 154 72.989588
97 153 72.952006
98 152 71.17033599999999
99 151 73.225
100 150 74.072193
101 149 78.39914
102 148 81.566
96 155 76.647981
97 154 75.227981
98 153 74.134981
99 152 74.51154700000001
100 151 75.958808
101 150 78.966749
102 149 82.849
103 148 87.83
96 156 79.056
97 155 78.535
98 154 76.03461
99 153 77.29461
100 152 76.81661100000001
101 151 80.467118
102 150 82.87137
103 149 88.537
97 156 80.929
98 155 79.301562
99 154 79.010486
100 153 79.345549
101 152 81.173
102 151 84.358696
103 150 88.523471
104 149 93.642
97 157 84.393
98 156 81.341395
99 155 81.994151
100 154 80.902521
101 153 83.453
102 152 84.723312
103 151 89.645887
104 150 93.201
98 157 84.809
99 156 84.089237
100 155 83.800465
101 154 84.84206900000001
102 153 86.811934
103 152 89.947305
104 151 94.329
105 150 99.595
98 158 87.041
99 157 87.185
100 156 85.484796
101 155 87.456
102 154 87.823046
103 153 91.74660300000001
104 152 94.221992
105 151 100.298
99 158 89.403
100 157 88.590137
101 156 88.99247199999999
102 155 90.247064
103 154 92.665
104 153 95.866389
105 152 100.154285
99 159 92.702
100 158 90.426
101 157 91.69035000000001
102 156 91.477
103 155 94.782
104 154 96.34433800000001
105 153 101.50770299999999
106 152 105.296
100 159 93.704
101 158 93.564
102 157 94.079381
103 156 95.851
104 155 98.367
105 154 101.99102099999999
106 153 106.519
100 160 95.766
101 159 96.55
102 158 95.61
103 157 98.277
104 156 99.148
105 155 103.673
106 154 106.547495
107 153 113.123
101 160 98.578
102 159 98.455
103 158 99.557
104 157 101.31823299999999
105 156 104.308
106 155 108.005004
107 154 113.07941000000001
101 161 101.667
102 160 100.101
103 159 102.105
104 158 102.392
105 157 106.253
106 156 108.369072
107 155 114.25211900000001
102 161 103.129
103 160 103.669
104 159 104.757
105 158 107.11
106 157 110.195
107 156 114.496
108 155 119.678
102 162 105.011
103 161 106.375
104 160 106.075
105 159 109.262
106 158 110.783
107 157 115.958
108 156 119.563165
103 162 108.233
104 161 108.69
105 160 110.382
106 159 112.794
107 158 116.395
108 157 120.900245
109 156 126.624
103 163 111.662
104 162 110.136
105 161 112.74
106 160 113.617
107 159 118.104
108 158 121.139675
109 157 127.672681
104 163 113.444
105 162 114.014
106 161 115.806
107 160 118.765
108 159 122.658
109 158 127.791
110 157 133.88
104 164 115.476
105 163 117.06
106 162 116.8
107 161 120.707
108 160 122.968
109 159 129.151
110 158 133.648
105 164 119.148
106 163 119.692
107 162 121.477
108 161 124.493
109 160 129.3
110 159 134.83467100000001
105 165 122.397
106 164 121.431
107 163 124.23
108 162 125.112
109 161 130.709
110 160 134.68158400000002
106 165 124.617
107 164 125.859
108 163 127.691
109 162 131.1
110 161 135.952
106 166 126.52
107 165 128.787
108 164 129.004
109 163 133.481
110 162 136.083
111 161 142.773
106 167 129.92
107 166 130.683
108 165 131.767
109 164 134.782
110 163 138.285
111 162 142.885
107 167 133.762
108 166 133.406
109 165 137.249
110 164 139.197
111 163 144.612
107 168 135.78
108 167 136.492
109 166 138.767
110 165 141.666
111 164 145.395
107 169 138.95
108 168 138.185
109 167 141.312
110 166 142.539
111 165 147.386
112 164 150.36
107 170 141.1
108 169 141.375
109 168 143.008
110 167 145.092
111 166 148.407
112 165 152.332
107 171 144.37
108 170 143.22
109 169 145.767
110 168 146.251
111 167 150.521
112 166 152.842
113 165 159.03
108 171 146.5
109 170 147.585
110 169 149.024
111 168 151.721
112 167 155.021
113 166 159.46
108 172 148.42
109 171 150.51
110 170 150.32
111 169 153.886
112 168 155.654
113 167 161.24
109 172 152.4
110 171 153.273
111 170 155.333
112 169 157.947
113 168 161.81
109 173 155.455
110 172 154.79
111 171 157.742
112 170 158.826
113 169 163.729
110 173 157.83
111 172 159.38
112 171 161.337
113 170 164.563
110 174 159.46
111 173 161.97
112 172 162.415
113 171 166.591
114 170 168.779
111 174 163.73
112 173 165.086
113 172 167.768
114 171 170.932
111 175 166.51
112 174 166.45
113 173 169.957
114 172 171.606
112 175 169.37
113 174 171.455
114 173 173.929
115 172 177.748
112 176 170.93
113 175 173.97
114 174 174.917
115 173 179.666
113 176 175.55
114 175 177.465
115 174 180.683
116 173 184.457
113 177 178.315
114 176 178.731
115 175 182.792
116 174 185.028
114 177 181.5
115 176 184.18
116 175 187.244
117 174 191.653
115 177 186.6
116 176 188.133
117 175 193.621
116 177 190.568
117 176 194.428
118 175 198.802
117 177 196.397
118 176 199.32
118 177 201.369
