1 0 7.2889705000000005
1 1 13.13572158
1 2 14.949806
2 1 14.931214749999999
1 3 25.901518
2 2 2.42491565
3 1 25.323185000000002
1 4 32.89244
2 3 11.386233
3 2 11.678886
1 5 41.863757
2 4 17.595106
3 3 14.086793
4 2 18.374947
2 5 26.101038
3 4 14.908140999999999
4 3 15.770033999999999
5 2 27.868346000000003
2 6 31.598044
3 5 20.946844000000002
4 4 4.941672
5 3 22.921490000000002
6 2 35.09406
2 7 40.939429
3 6 24.954264
4 5 11.347648
5 4 12.415681000000001
6 3 28.910491
2 8 48.809203000000004
3 7 33.050581
4 6 12.60667
5 5 12.050730999999999
6 4 15.698682000000002
7 3 38.800148
3 8 40.797309999999996
4 7 20.174063999999998
5 6 8.667931000000001
6 5 10.650342
7 4 24.303569
4 8 25.076506000000002
5 7 13.368898999999999
6 6 0.0
7 5 17.338082
8 4 32.047954000000004
4 9 33.247823
5 8 16.562166
6 7 3.1250112899999998
7 6 5.3454809999999995
8 5 23.112428
4 10 39.954498
5 9 23.663683000000002
6 8 3.0198930500000003
7 7 2.86341704
8 6 8.007356
5 10 28.972278
6 9 9.873144
7 8 0.10143805
8 7 2.855605
9 6 16.775372
5 11 37.081686000000005
6 10 13.694129
7 9 5.683658
8 8 -4.7370014099999995
9 7 10.680254000000001
10 6 23.996462
5 12 43.770815999999996
6 11 21.038832
7 10 7.871368
8 9 -0.808813
9 8 1.9517010000000001
10 7 16.460901000000003
6 12 24.926178
7 11 13.114466
8 10 -0.781522
9 9 0.8737010000000001
10 8 5.317166
11 7 24.189968
6 13 32.420666000000004
7 12 15.862129000000001
8 11 3.33487
9 10 -1.4873859999999999
10 9 1.75144
11 8 12.926808000000001
12 7 33.040091999999994
6 14 37.557610000000004
7 13 21.76511
8 12 3.797462
9 11 -0.017404
10 10 -7.04193131
11 9 6.847719
12 8 17.570348000000003
7 14 25.251164
8 13 8.062906
9 12 -0.047551
10 11 -5.731776
11 10 -2.184161
12 9 10.910506
7 15 32.038675
8 14 9.284152
9 13 2.793378
10 12 -8.024715
11 11 -5.182436
12 10 -0.396963
8 15 14.61296
9 14 3.329747
10 13 -5.154045
11 12 -9.529853580000001
12 11 -5.4737659999999995
13 10 6.76957
8 16 19.070400000000003
9 15 7.559527
10 14 -5.951521
11 13 -8.418114
12 12 -13.933566999999998
13 11 -0.056946
14 10 10.754673
9 16 11.272706
10 15 -2.108075
11 14 -9.357818
12 13 -13.192825999999998
13 12 -8.916172000000001
14 11 3.8243180000000003
9 17 18.271772000000002
10 16 0.42961099999999997
11 15 -6.862316
12 14 -16.214582
13 13 -12.210308999999999
14 12 -7.144632
9 18 24.92686
10 17 7.069948999999999
11 16 -5.517436
12 15 -14.586651
13 14 -17.196658
14 13 -12.384300999999999
15 12 -0.71703
10 18 11.244601000000001
11 17 -0.989247
12 16 -15.018640999999999
13 15 -16.850441
14 14 -21.49279678
15 13 -7.158753
16 12 4.073203
10 19 18.057881000000002
11 18 2.6650039999999997
12 17 -10.619031999999999
13 16 -18.215322
14 15 -21.895045999999997
15 14 -16.952626
16 13 -3.159582
10 20 23.102025
11 19 8.36109
12 18 -8.910672
13 17 -15.872419
14 16 -24.432928
15 15 -20.200575
16 14 -14.062532
11 20 12.654768
12 19 -3.21738
13 18 -14.953628
14 17 -22.949006
15 16 -24.440884999999998
16 15 -19.044648000000002
17 14 -7.067165
11 21 19.064477999999998
12 20 -0.954781
13 19 -11.061966
14 18 -24.080907
15 17 -24.305218
16 16 -26.015697
17 15 -13.329771000000001
18 14 -2.2002040000000003
11 22 24.889293000000002
12 21 4.89407
13 20 -8.529377
14 19 -20.492662
15 18 -26.337486000000002
16 17 -26.585994
17 16 -21.003432
18 15 -9.384141
12 22 8.808603
13 21 -2.932495
14 20 -19.95677
15 19 -24.557669
16 18 -29.931788
17 17 -24.439776000000002
18 16 -18.377217
13 22 -0.13019
14 21 -14.360307
15 20 -24.857740000000003
16 19 -28.846356
17 18 -29.013540000000003
18 17 -23.047411
19 16 -11.168899999999999
13 23 5.781974
14 22 -12.482507
15 21 -20.250977
16 20 -30.664075
17 19 -29.521857
18 18 -30.231540000000003
19 17 -17.426171
20 16 -6.4393590000000005
13 24 9.946326
14 23 -6.579998
15 22 -18.994145
16 21 -26.89636
17 20 -31.761532
18 19 -30.947658999999998
19 18 -24.800199
20 17 -13.161760000000001
13 25 16.050594
14 24 -4.067274
15 23 -14.757819999999999
16 22 -26.861197
17 21 -29.798097000000002
18 20 -34.714551
19 19 -28.800691
20 18 -22.05922
13 26 21.396417
14 25 1.928205
15 24 -12.873735
16 23 -23.162245
17 22 -29.800203
18 21 -33.242011
19 20 -33.807010999999996
20 19 -27.2744
21 18 -14.168021000000001
14 26 5.467052
15 25 -8.106838
16 24 -22.866568
17 23 -27.55781
18 22 -35.03989602
19 21 -33.535205000000005
20 20 -34.846275
21 19 -20.523228
22 18 -8.850275
14 27 13.562553
15 26 -5.276508
16 25 -19.019105
17 24 -27.307188999999997
18 23 -33.06746699999999
19 22 -35.559074
20 21 -35.137758999999996
21 20 -28.642392
15 27 0.9388650000000001
16 26 -17.677503
17 25 -24.91299
18 24 -34.422675000000005
19 23 -35.021556
20 22 -38.547072
21 21 -32.121239
22 20 -25.121552
15 28 5.765948000000001
16 27 -11.965235
17 26 -24.168168
18 25 -32.009808
19 24 -36.593239000000004
20 23 -38.408639
21 22 -36.187929
22 21 -29.321103
16 28 -9.116168
17 27 -20.231052
18 26 -32.673053
19 25 -35.809606
20 24 -41.468479
21 23 -37.816093
22 22 -37.548459
23 21 -24.11638
16 29 -3.252672
17 28 -18.362647000000003
18 27 -29.770589
19 26 -36.608186
20 25 -40.811949999999996
21 24 -41.067792000000004
22 23 -39.005737
23 22 -31.879629
24 21 -18.965218
17 29 -14.708253000000001
18 28 -29.720127
19 27 -35.418322999999994
20 26 -43.135076999999995
21 25 -41.757115
22 24 -44.123422
23 23 -37.073012999999996
24 22 -29.473741999999998
18 29 -25.907836
19 28 -35.696272
20 27 -42.340123
21 26 -44.332121
22 25 -44.932394
23 24 -42.002051
24 23 -34.558385
19 29 -32.123935
20 28 -44.214129
21 27 -44.496101
22 26 -48.487727
23 25 -44.475385
24 24 -42.81918
25 23 -29.323431
19 30 -30.319264999999998
20 29 -41.289265
21 28 -46.552368
22 27 -48.558799
23 26 -47.956943
24 25 -45.330484
25 24 -37.615586
19 31 -25.352141
20 30 -39.570832
21 29 -44.536885000000005
22 28 -51.426671999999996
23 27 -49.221554
24 26 -50.259499000000005
25 25 -42.626813999999996
26 24 -34.475541
20 31 -35.863251
21 30 -43.218184
22 29 -49.727849
23 28 -52.201383
24 27 -51.448807
25 26 -48.241341
26 25 -40.222341
20 32 -32.509141
21 31 -40.356541
22 30 -49.464837
23 29 -51.441309999999994
24 28 -55.416933
25 27 -50.705444
26 26 -48.331615
22 31 -46.828839
23 30 -51.848839
24 29 -55.284741000000004
25 28 -54.687904
26 27 -50.945322999999995
27 26 -42.644824
21 33 -34.218841
22 32 -45.594395
23 31 -49.890954
24 30 -56.932545
25 29 -55.55537
26 28 -56.252455999999995
27 27 -48.009541
28 26 -39.210779
21 34 -29.580571
22 33 -41.670332
23 32 -49.151491
24 31 -55.107491
25 30 -57.71058
26 29 -57.479368
27 28 -54.027557
28 27 -45.335578999999996
22 34 -38.936785
23 33 -46.080109
24 32 -55.281245000000006
25 31 -56.90971
26 30 -60.605351999999996
27 29 -56.039352
28 28 -53.903674
22 35 -33.543903
23 34 -44.188742
24 33 -52.52414
25 32 -57.4868
26 31 -60.18013
27 30 -59.344204
28 29 -56.081969
29 28 -47.309576
23 35 -40.208743000000005
24 34 -51.834726
25 33 -55.906827
26 32 -62.153417999999995
27 31 -59.845868
28 30 -60.227694
29 29 -51.662055
30 28 -42.297694
23 36 -37.066562
24 35 -47.89149
25 34 -55.479562
26 33 -60.663114
27 32 -62.228412
28 31 -61.15565
29 30 -56.357224
30 29 -47.260499
23 37 -32.577268
24 36 -46.503876
25 35 -53.177832
26 34 -61.411832000000004
27 33 -61.649012
28 32 -64.472079
29 31 -58.344099
30 30 -54.187768
24 37 -42.180653
25 36 -51.555735999999996
26 35 -58.921391
27 34 -62.898422
28 33 -64.220892
29 32 -61.98364
30 31 -56.34548
31 30 -47.09048000000001
24 38 -40.414553
25 37 -48.038804
26 36 -58.900749000000005
27 35 -61.431504999999994
28 34 -66.74609600000001
29 33 -62.797837
30 32 -61.171431
31 31 -52.000431
25 38 -46.351151
26 37 -55.545834
27 36 -61.840387
28 35 -65.512556
29 34 -65.579531
30 33 -62.213025
31 32 -56.547093000000004
25 39 -42.616698
26 38 -54.770668
27 37 -59.792686
28 36 -67.099277
29 35 -65.424243
30 34 -66.003595
31 33 -58.834328
32 32 -54.349881
25 40 -40.672693
26 39 -50.877951
27 38 -59.169934
28 37 -65.126052
29 36 -67.263661
30 35 -65.911599
31 34 -62.657173
32 33 -56.414625
26 40 -49.573517
27 39 -56.111332000000004
28 38 -66.006285
29 37 -66.258274
30 36 -68.899427
31 35 -63.724427000000006
32 34 -61.624427000000004
33 33 -51.502303999999995
26 41 -45.692347999999996
27 40 -55.061049
28 39 -63.74268
29 38 -67.31877899999999
30 37 -67.880441
31 36 -66.879683
32 35 -62.65781
33 34 -56.64781
26 42 -43.128173000000004
27 41 -51.350415
28 40 -63.463815000000004
29 39 -65.567035
30 38 -70.00722
31 37 -67.08612
32 36 -66.979785
33 35 -58.899233
34 34 -54.214814
27 42 -50.002598
28 41 -59.978648
29 40 -65.736213
30 39 -68.417973
31 38 -69.327758
32 37 -67.100605
33 36 -63.086665999999994
34 35 -56.301531000000004
27 43 -45.643206
28 42 -59.14987
29 41 -62.976127
30 40 -69.564648
31 39 -68.91008900000001
32 38 -70.563111
33 37 -64.343111
34 36 -62.046216
27 44 -43.873368
28 43 -55.203797
29 42 -62.711127
30 41 -67.326897
31 40 -70.140242
32 39 -69.907736
33 38 -67.894336
34 37 -63.116336000000004
35 36 -57.063323
36 35 -46.923322999999996
28 44 -53.940319
29 43 -59.782999000000004
30 42 -68.13138000000001
31 41 -68.58938
32 40 -72.585911
33 39 -68.22980899999999
34 38 -67.894407
35 37 -59.015201
36 36 -53.940919
29 44 -58.986595
30 43 -65.410343
31 42 -69.699335
32 41 -71.297534
33 40 -70.956701
34 39 -68.21764200000001
35 38 -63.628936
36 37 -56.551750999999996
29 45 -56.006205
30 44 -65.708883
31 43 -68.04958500000001
32 42 -73.422437
33 41 -70.859967
34 40 -72.212735
35 39 -65.30608099999999
36 38 -62.331509
37 37 -51.91705
29 46 -54.119802
30 45 -62.469023
31 44 -68.46458
32 43 -71.856427
33 42 -73.03241
34 41 -72.169018
35 40 -69.139018
36 39 -64.32362400000001
37 38 -57.22167700000001
38 37 -46.621677000000005
29 47 -50.975985
30 46 -62.13664
31 45 -66.29664
32 44 -73.213046
33 43 -72.289504
34 42 -75.25205
35 41 -70.289169
36 40 -69.014318
37 39 -60.479832
38 38 -54.243893
30 47 -58.722344
31 46 -65.992344
32 45 -71.214029
33 44 -73.916577
34 43 -74.599594
35 42 -73.234914
36 41 -70.169443
37 40 -64.82453100000001
38 39 -57.804063
30 48 -57.34257
31 47 -63.70657
32 46 -71.862211
33 45 -72.817419
34 44 -77.02608599999999
35 43 -73.452302
36 42 -74.179727
37 41 -66.936228
38 40 -63.173924
31 48 -62.509526
32 47 -69.488526
33 46 -73.636526
34 45 -75.917602
35 44 -76.068514
36 43 -74.44273600000001
37 42 -70.80336199999999
38 41 -65.47657699999999
39 40 -58.356576999999994
30 50 -51.844769
31 49 -59.135169000000005
32 48 -69.515169
33 47 -72.159286
34 46 -77.759936
35 45 -75.889472
36 44 -77.892492
37 43 -72.172854
38 42 -70.308223
39 41 -61.217786
40 40 -55.517043
31 50 -57.983307999999994
32 49 -66.303308
33 48 -72.533308
34 47 -76.389519
35 46 -77.974839
36 45 -77.694038
37 44 -75.454821
38 43 -71.527705
39 42 -66.01733800000001
40 41 -58.488484
32 50 -65.624008
33 49 -70.324008
34 48 -77.594008
35 47 -77.496465
36 46 -80.589508
37 45 -76.188201
38 44 -76.008384
39 43 -68.192393
33 50 -69.88065700000001
34 49 -75.34065700000001
35 48 -79.00892999999999
36 47 -79.98170900000001
37 46 -79.074805
38 45 -76.795439
39 44 -72.326557
40 43 -66.458557
41 42 -58.958557
34 50 -75.951829
35 49 -77.79933500000001
36 48 -82.43099099999999
37 47 -79.750025
38 46 -80.643837
39 45 -74.157855
34 51 -72.428267
35 50 -78.61026700000001
36 49 -81.48026700000001
37 48 -82.167331
38 47 -81.102572
39 46 -77.842123
40 45 -73.149123
41 44 -67.149123
34 52 -70.54057
35 51 -75.63957
36 50 -83.26557000000001
37 49 -82.74701700000001
38 48 -84.523576
39 47 -79.283576
40 46 -77.80435
41 45 -69.82635
42 44 -64.55635
34 53 -66.58192600000001
35 52 -73.856926
36 51 -80.70942600000001
37 50 -84.597795
38 49 -84.880413
39 48 -83.018723
40 47 -79.34814999999999
41 46 -74.18315
42 45 -67.69492699999999
34 54 -63.878135
35 53 -70.732135
36 52 -79.692135
37 51 -82.60899800000001
38 50 -87.92174
39 49 -84.29914
40 48 -83.62310099999999
41 47 -76.073101
42 46 -72.70008800000001
35 54 -68.57162
36 53 -76.72662
37 52 -81.71250199999999
38 51 -86.209141
39 50 -87.70174899999999
40 49 -84.86888400000001
41 48 -80.650386
42 47 -75.003889
35 55 -64.619846
36 54 -74.969846
37 53 -79.361712
38 52 -85.94160400000001
39 51 -86.487462
40 50 -88.767265
41 49 -82.656265
42 48 -80.167265
43 47 -71.206603
35 56 -61.508323
36 55 -71.31032300000001
37 54 -77.745323
38 53 -83.64527899999999
39 52 -86.345031
40 51 -87.89040200000001
41 50 -86.632442
42 49 -82.20416499999999
43 48 -75.98416499999999
35 57 -56.580144
36 56 -68.78504799999999
37 55 -74.772048
38 54 -82.86770200000001
39 53 -84.813327
40 52 -88.453882
41 51 -86.448337
42 50 -86.805003
43 49 -78.934648
36 57 -64.017525
37 56 -72.617525
38 55 -80.084606
39 54 -84.22316000000001
40 53 -87.11703999999999
41 52 -87.208278
42 51 -86.803495
43 50 -83.602533
44 49 -77.26553299999999
37 57 -68.553352
38 56 -78.84043
39 55 -82.34849899999999
40 54 -87.266837
41 53 -86.36450199999999
42 52 -88.409708
43 51 -84.153961
44 50 -82.567898
37 58 -65.85393499999999
38 57 -75.116826
39 56 -81.20706799999999
40 55 -85.65776600000001
41 54 -86.781901
42 53 -87.707492
43 52 -86.016873
44 51 -83.449819
45 50 -78.339819
37 59 -61.224644
38 58 -72.938959
39 57 -78.346709
40 56 -85.442791
41 55 -85.603696
42 54 -88.790496
43 53 -85.817254
44 52 -86.072062
45 51 -79.67940899999999
46 50 -76.229409
37 60 -58.356314
38 59 -68.78810899999999
39 58 -76.257693
40 57 -82.946645
41 56 -85.605644
42 55 -87.540442
43 54 -87.220108
44 53 -86.112242
45 52 -82.589242
46 51 -77.79924199999999
47 50 -70.819242
37 61 -54.221644
38 60 -66.645662
39 59 -72.46742
40 58 -81.286925
41 57 -83.528547
42 56 -88.111723
43 55 -86.42777099999999
44 54 -88.224469
45 53 -83.174815
46 52 -81.29995699999999
47 51 -73.060614
48 50 -67.63061400000001
37 62 -50.87887
38 61 -62.185677000000005
39 60 -70.200924
40 59 -77.768473
41 58 -82.326954
42 57 -85.96584
43 56 -87.323141
44 55 -87.616977
45 54 -85.574394
46 53 -82.187735
47 52 -76.757735
38 62 -60.219307
39 61 -67.294307
40 60 -76.604307
41 59 -79.939307
42 58 -86.184307
43 57 -86.01622400000001
44 56 -89.21898399999999
45 55 -85.584225
46 54 -85.22621799999999
47 53 -78.14838400000001
48 52 -74.24982899999999
49 51 -64.169829
50 50 -56.779829
37 64 -43.597231
38 63 -55.407231
39 62 -64.912231
40 61 -73.457231
41 60 -78.942231
42 59 -83.511231
43 58 -86.33583999999999
44 57 -87.94972
45 56 -87.40802099999999
46 55 -85.42802099999999
47 54 -81.224197
48 53 -75.74766000000001
38 64 -53.077470999999996
39 63 -61.892471
40 62 -71.74247100000001
41 61 -76.347471
42 60 -83.557471
43 59 -84.565665
44 58 -89.098043
45 57 -86.775004
46 56 -87.92507499999999
47 55 -82.264893
48 54 -79.677893
49 53 -70.709488
50 52 -64.92948799999999
40 63 -68.372027
41 62 -75.317027
42 61 -80.847027
43 60 -84.597027
44 59 -87.258775
45 58 -88.022185
46 57 -87.47911
47 56 -84.791366
48 55 -80.649453
49 54 -74.599453
41 63 -72.223666
42 62 -80.328666
43 61 -82.486166
44 60 -88.08887200000001
45 59 -86.949825
46 58 -89.390045
47 57 -85.11139200000001
48 56 -83.974674
49 55 -76.10662699999999
50 54 -71.59162699999999
41 64 -70.852653
42 63 -77.337653
43 62 -82.287653
44 61 -85.927653
45 60 -87.845641
46 59 -88.41282799999999
47 58 -87.067992
48 57 -84.33010300000001
49 56 -79.48108500000001
50 55 -73.262528
51 54 -63.820055999999994
42 64 -76.255078
43 63 -79.775078
44 62 -86.32207799999999
45 61 -86.361478
46 60 -89.902478
47 59 -86.93733999999999
48 58 -87.132499
49 57 -80.606451
50 56 -77.425204
52 54 -58.214428999999996
42 65 -72.942869
43 64 -79.10286900000001
44 63 -83.922869
45 62 -86.863285
46 61 -88.367594
47 60 -88.401743
48 59 -86.984841
49 58 -83.559577
50 57 -78.576801
43 65 -75.952879
44 64 -83.672879
45 63 -85.019304
46 62 -89.524304
47 61 -87.60183599999999
48 60 -89.252325
49 59 -84.11560300000001
50 58 -82.040983
52 56 -65.721935
43 66 -74.535668
44 65 -80.850668
45 64 -85.01066800000001
46 63 -87.606591
47 62 -88.722669
48 61 -88.508424
49 60 -86.488746
50 59 -82.63915399999999
51 58 -76.259154
52 57 -67.61201200000001
53 56 -57.613447
43 67 -70.960763
44 66 -79.981763
45 65 -82.775901
46 64 -88.349175
47 63 -87.46055199999999
48 62 -90.35299
49 61 -86.47499
50 60 -85.843888
52 58 -72.27712
54 56 -51.904646
43 68 -69.216683
44 67 -76.665683
45 66 -82.357192
46 65 -86.00415799999999
47 64 -88.220719
48 63 -89.257519
49 62 -88.395728
50 61 -85.94479700000001
51 60 -80.88814500000001
52 59 -73.484917
43 69 -65.999617
44 68 -75.483617
45 67 -79.741327
46 66 -86.336399
47 65 -86.624458
48 64 -90.580518
49 63 -87.996067
50 62 -88.661269
51 61 -81.600729
52 60 -77.30126700000001
54 58 -59.966685
44 69 -72.202714
45 68 -78.682714
46 67 -83.69202800000001
47 66 -87.032672
48 65 -89.049279
49 64 -89.36962
50 63 -88.333039
51 62 -84.41974400000001
52 61 -78.34703
53 60 -71.12833900000001
54 59 -62.092297
55 58 -51.704182
45 69 -75.631725
46 68 -83.496665
47 67 -84.948803
48 66 -90.02094100000001
49 65 -88.572155
50 64 -90.560901
51 63 -84.515383
52 62 -81.88857
54 60 -67.085913
56 58 -45.945564
44 71 -66.428402
45 70 -74.208402
46 69 -80.403
47 68 -84.987
48 67 -88.090485
49 66 -89.536616
50 65 -90.035978
51 64 -87.003403
52 63 -82.062759
53 62 -76.33779700000001
54 61 -68.65677099999999
45 71 -70.735792
46 70 -79.96069100000001
47 69 -82.56769100000001
48 68 -88.71939200000001
49 67 -88.250019
50 66 -91.528107
51 65 -86.82117600000001
52 64 -85.268962
53 63 -77.49226
54 62 -73.046747
46 71 -76.53030100000001
47 70 -82.26530100000001
48 69 -86.425301
49 68 -88.945042
50 67 -90.39995
51 66 -88.64475
52 65 -85.096897
53 64 -80.43450800000001
54 63 -74.185361
55 62 -66.442814
46 72 -75.465639
47 71 -79.56563899999999
48 70 -86.708557
49 69 -87.23034600000001
50 68 -91.65606
51 67 -87.99942
52 66 -87.72104399999999
53 65 -80.971048
54 64 -78.079081
55 63 -68.409391
47 72 -78.557492
48 71 -83.907492
49 70 -87.704492
50 69 -90.06836299999999
51 68 -89.477443
52 67 -87.184443
53 66 -83.76553
54 65 -78.794437
55 64 -72.305075
56 63 -64.59011
46 74 -70.149064
47 73 -75.649064
48 72 -83.974064
49 71 -85.735073
50 70 -91.105073
51 69 -88.424465
52 68 -89.404587
53 67 -83.789587
54 66 -82.172448
55 65 -73.888663
56 64 -68.888663
47 74 -74.661064
48 73 -81.061064
49 72 -85.841064
50 71 -89.204076
51 70 -89.595111
52 69 -88.551151
53 68 -86.28725999999999
54 67 -82.472775
55 66 -77.100495
56 65 -70.742779
48 74 -80.73032
49 73 -83.577359
50 72 -89.94595
51 71 -88.330175
52 70 -90.31402800000001
53 69 -86.080028
54 68 -85.355002
55 67 -78.139833
56 66 -74.60894400000001
48 75 -77.311209
49 74 -83.426209
50 73 -87.820474
51 72 -89.224113
52 71 -89.171894
53 70 -87.94331299999999
54 69 -85.24855199999999
55 68 -81.043671
56 67 -75.654978
48 76 -76.710752
49 75 -80.876752
50 74 -88.236752
51 73 -87.620291
52 72 -90.524548
53 71 -87.364961
54 70 -87.660103
55 69 -81.731335
56 68 -79.0898
57 67 -70.25861
48 77 -73.358534
49 76 -80.480534
50 75 -85.898534
51 74 -88.25550100000001
52 73 -89.022201
53 72 -88.83643099999999
54 71 -87.192064
55 70 -84.087575
56 69 -79.66797
57 68 -73.759389
48 78 -72.327416
49 77 -77.813416
50 76 -86.020416
51 75 -86.398416
52 74 -90.06457499999999
53 73 -87.910536
54 72 -89.16853599999999
55 71 -84.34494000000001
56 70 -82.669928
57 69 -74.973468
58 68 -70.820558
48 79 -68.5171
49 78 -76.9851
50 77 -83.49910000000001
51 76 -86.7001
52 75 -88.28110000000001
53 74 -88.983125
54 73 -88.32079300000001
55 72 -86.24002
56 71 -82.815595
57 70 -77.895769
58 69 -71.975611
48 80 -67.288998
49 79 -74.35899800000001
50 78 -83.334598
51 77 -84.608531
52 76 -88.992091
53 75 -87.737939
54 74 -89.860039
55 73 -85.931378
56 72 -85.40151399999999
57 71 -78.631901
58 70 -75.533918
59 69 -66.33075699999999
49 80 -72.938793
50 79 -80.593793
51 78 -84.627681
52 77 -87.003181
53 76 -88.503367
54 75 -88.697386
55 74 -87.500424
56 73 -85.064555
57 72 -81.32611999999999
58 71 -76.287496
59 70 -69.77355899999999
48 82 -61.569949
49 81 -69.88994899999999
50 80 -80.138949
51 79 -82.29160499999999
52 78 -87.35141
53 77 -86.932379
54 76 -89.881713
55 75 -86.900424
56 74 -87.26160300000001
57 73 -81.62800800000001
58 72 -79.422905
59 71 -71.175457
60 70 -66.596233
49 82 -68.137141
50 81 -77.314218
51 80 -81.987983
52 79 -85.209473
53 78 -87.444363
54 77 -88.415211
55 76 -88.059787
56 75 -86.68378999999999
57 74 -83.769256
58 73 -79.715394
59 72 -74.278264
60 71 -67.768984
49 83 -62.419171
50 82 -76.554171
51 81 -79.673573
52 80 -85.18218300000001
53 79 -85.699888
54 78 -89.28048
55 77 -87.15592600000001
56 76 -88.434841
57 75 -83.740245
58 74 -82.474025
59 73 -75.213484
60 72 -71.425808
50 83 -70.952598
51 82 -78.942598
52 81 -82.944598
53 80 -85.88659799999999
54 79 -87.643598
55 78 -88.070958
56 77 -87.553459
57 76 -85.494383
58 75 -82.42322800000001
59 74 -77.937607
60 73 -72.332373
61 72 -65.407646
50 84 -66.795791
51 83 -74.165791
52 82 -82.55949000000001
53 81 -84.07249
54 80 -88.12449000000001
55 79 -86.891181
56 78 -88.94986800000001
57 77 -85.21865
58 76 -84.835983
59 75 -78.514011
60 74 -75.64645900000001
61 73 -66.73875100000001
51 84 -69.707636
52 83 -77.827636
53 82 -83.789636
54 81 -86.41703299999999
55 80 -87.58185300000001
56 79 -87.85051200000001
57 78 -86.650512
58 77 -84.62492999999999
59 76 -80.935888
60 75 -76.213758
61 74 -69.97755599999999
62 73 -62.857216
52 84 -74.42521
53 83 -79.49929399999999
54 82 -86.425137
55 81 -86.33871099999999
56 80 -88.886935
57 79 -86.036945
58 78 -86.46833199999999
59 77 -81.327241
60 76 -79.199314
61 75 -71.197972
62 74 -66.810917
52 85 -69.561221
53 84 -76.50282000000001
54 83 -82.37935
55 82 -86.545599
56 81 -87.721227
57 80 -87.10065300000001
58 79 -85.878553
59 78 -83.177333
60 77 -79.580199
61 76 -74.072875
62 75 -68.025381
53 85 -72.33089
54 84 -80.15089
55 83 -82.88740700000001
56 82 -88.261631
57 81 -86.524681
58 80 -87.56852099999999
59 79 -83.13152099999999
60 78 -82.018083
61 77 -74.940294
62 76 -71.49779
63 75 -61.749669000000004
53 86 -68.837893
54 85 -75.64389299999999
55 84 -80.700915
56 83 -84.91374499999999
57 82 -87.231371
58 81 -86.952496
59 80 -84.823335
60 79 -81.991697
61 78 -77.496499
62 77 -72.380247
63 76 -65.39807
54 86 -72.99099199999999
55 85 -77.050992
56 84 -83.271368
57 83 -84.321031
58 82 -88.083278
59 81 -84.695278
60 80 -84.25177000000001
61 79 -78.20657000000001
62 78 -75.455963
63 77 -66.985963
64 76 -61.782272
65 75 -50.482271999999995
54 87 -68.326902
55 86 -74.476902
56 85 -79.725632
57 84 -82.938221
58 83 -85.440105
59 82 -86.020892
60 81 -84.197879
61 80 -80.522949
62 79 -75.938662
63 78 -69.926584
64 77 -63.224224
65 76 -54.540836999999996
54 88 -65.475096
55 87 -70.515096
56 86 -77.82314699999999
57 85 -80.034775
58 84 -84.53847900000001
59 83 -83.792724
60 82 -85.955195
61 81 -81.156907
62 80 -78.99288899999999
63 79 -71.31988899999999
64 78 -66.959515
55 88 -67.67141000000001
56 87 -73.935736
57 86 -78.187073
58 85 -81.611999
59 84 -83.073499
60 83 -84.00744800000001
61 82 -82.965734
62 81 -79.52319100000001
63 80 -74.24239200000001
64 79 -68.232392
65 78 -60.434400000000004
55 89 -63.269947
56 88 -71.768956
57 87 -74.892447
58 86 -80.436989
59 85 -80.755645
60 84 -83.753165
61 83 -81.421106
62 82 -81.971958
63 81 -75.62164299999999
64 80 -71.759504
65 79 -62.368181
66 78 -56.584535
55 90 -60.056985999999995
56 89 -67.414986
57 88 -72.986839
58 87 -77.096839
59 86 -79.63183900000001
60 85 -81.437134
61 84 -81.273762
62 83 -80.657737
63 82 -77.998429
64 81 -72.92736199999999
65 80 -65.88084500000001
66 79 -58.288238
55 91 -55.620044
56 90 -65.00005
57 89 -69.122947
58 88 -75.675496
59 87 -76.713808
60 86 -80.93105
61 85 -79.45988
62 84 -81.00188
63 83 -77.122285
64 82 -76.093179
65 81 -67.76937
66 80 -62.554136
55 92 -52.019275
57 90 -66.848403
58 89 -72.02874800000001
59 88 -75.45474800000001
60 87 -78.151936
61 86 -79.047936
62 85 -79.272075
63 84 -77.550499
64 83 -75.363063
65 82 -70.752013
66 81 -64.187855
67 80 -55.837477
55 93 -47.302986
56 92 -58.013403
57 91 -63.128403
58 90 -70.390756
59 89 -72.530756
60 88 -77.413404
61 87 -76.871898
62 86 -79.342169
63 85 -76.302498
64 84 -76.27583
65 83 -70.54045699999999
66 82 -67.859496
67 81 -58.01531
58 91 -66.69508
59 90 -71.05655
60 89 -74.380875
61 88 -76.07124499999999
62 87 -77.14192200000001
63 86 -76.44655999999999
64 85 -75.133454
65 84 -71.495975
66 83 -67.715154
67 82 -61.688403
68 81 -53.741614999999996
58 92 -64.823663
59 91 -68.303663
60 90 -73.689663
61 89 -73.603339
62 88 -77.05733900000001
63 87 -74.797274
64 86 -75.768769
65 85 -71.110545
66 84 -69.31695500000001
67 83 -61.947908000000005
68 82 -57.832887
58 93 -61.500777
59 92 -66.770777
60 91 -70.952896
61 90 -73.39523200000001
62 89 -74.582481
63 88 -74.659094
64 87 -74.19491099999999
65 86 -71.62952
66 85 -68.758601
67 84 -63.632086
68 83 -58.265971
69 82 -50.781802000000006
70 81 -41.543915999999996
59 93 -63.808061
60 92 -70.158061
61 91 -71.262276
62 90 -74.768765
63 89 -72.894497
64 88 -74.714206
65 87 -70.72420600000001
66 86 -70.124452
67 85 -63.608266
68 84 -60.500173000000004
69 83 -51.770574
70 82 -46.305574
59 94 -61.628663
60 93 -67.348663
61 92 -70.684663
62 91 -72.56584600000001
63 90 -73.373467
64 89 -72.889831
65 88 -71.320222
66 87 -69.14976399999999
67 86 -65.01941000000001
68 85 -60.487968
69 84 -54.015370000000004
71 82 -38.407984
59 95 -58.201466
60 94 -65.691466
61 93 -68.498396
62 92 -72.461596
63 91 -71.744378
64 90 -73.713221
65 89 -70.161974
66 88 -70.39816499999999
67 87 -64.64421300000001
68 86 -62.612156999999996
69 85 -54.429235999999996
70 84 -49.933735
61 94 -66.973239
62 93 -70.197239
63 92 -71.824466
64 91 -72.077123
65 90 -71.25441400000001
66 89 -69.159914
67 88 -66.039673
68 87 -62.21546300000001
69 86 -56.635339
70 85 -50.503432999999994
71 84 -42.554171000000004
60 96 -60.530237
61 95 -64.220237
62 94 -69.370326
63 93 -70.092829
64 92 -72.542197
65 91 -70.09752
66 90 -70.52982899999999
67 89 -65.354551
68 88 -64.212821
69 87 -56.839827
70 86 -53.264489999999995
71 85 -43.749923
72 84 -37.852167
61 96 -62.373426
62 95 -66.73342600000001
63 94 -69.467426
64 93 -70.830678
65 92 -70.77062600000001
66 91 -69.427886
67 90 -66.82893
68 89 -63.419838000000006
69 88 -58.709273
70 87 -53.441815000000005
71 86 -46.483134
73 84 -29.628546999999998
61 97 -59.092669
62 96 -65.212669
63 95 -67.211669
64 94 -70.696751
65 93 -69.477216
66 92 -70.412109
67 91 -66.191026
68 90 -65.303809
69 89 -58.703194
70 88 -56.014817
71 87 -47.214373
72 86 -42.104119
62 97 -62.213301
63 96 -66.053301
64 95 -68.56852400000001
65 94 -69.539048
66 93 -69.173476
67 92 -67.335876
68 91 -64.567376
69 90 -60.570398000000004
70 89 -55.842973
71 88 -49.714974999999995
72 87 -42.853502999999996
73 86 -34.44835
64 96 -67.948626
65 95 -67.84293799999999
66 94 -69.67806399999999
67 93 -66.388064
68 92 -66.058488
69 91 -60.302313000000005
70 90 -58.169616999999995
71 89 -50.269937
72 88 -45.937205
73 87 -35.875507
74 86 -29.361804
64 97 -65.512709
65 96 -67.468186
66 95 -68.061133
67 94 -67.20284299999999
68 93 -65.20895
69 92 -61.898708
70 91 -57.844214
71 90 -52.562343999999996
72 89 -46.318684999999995
75 86 -20.875601
64 98 -64.28729
65 97 -65.681287
66 96 -68.186808
67 95 -66.047112
68 94 -66.34262
69 93 -61.483557999999995
70 92 -59.831527
71 91 -52.836866
72 90 -49.17310500000001
73 89 -39.782377000000004
74 88 -34.001937
65 98 -64.601404
66 97 -66.386498
67 96 -66.38394199999999
68 95 -65.174074
69 94 -62.735074
70 93 -59.304213000000004
71 92 -54.791409
72 91 -49.28628
73 90 -42.541078
74 89 -34.909095
75 88 -26.006814
65 99 -62.083294
66 98 -65.973294
67 97 -64.987069
68 96 -65.949562
69 95 -61.888462
70 94 -61.022716
71 93 -54.64237
72 92 -51.821540999999996
73 91 -43.282801
74 90 -38.233747
76 88 -20.459661
66 99 -63.617934999999996
67 98 -64.904574
68 97 -64.528312
69 96 -62.935934
70 95 -60.287224
71 94 -56.442273
72 93 -51.635507
73 92 -45.855107000000004
74 91 -38.861976999999996
75 90 -30.656812000000002
65 101 -57.760118000000006
66 100 -62.590118000000004
67 99 -63.076896999999995
68 98 -64.931595
69 97 -61.893929
70 96 -61.588481
71 95 -56.020981
72 94 -53.858984
73 93 -46.097775999999996
74 92 -41.891844
76 90 -25.4384
66 101 -59.936551
67 100 -62.286551
68 99 -63.296733
69 98 -62.548311
70 97 -60.594053
71 96 -57.501125
72 95 -53.467756
73 94 -48.35106
74 93 -42.088612
76 91 -26.502896
77 90 -17.078796999999998
66 102 -58.564175000000006
67 101 -60.066731
68 100 -62.996731
69 99 -61.31766399999999
70 98 -61.574646
71 97 -57.064150999999995
72 96 -55.360552000000006
73 95 -48.393908
74 94 -44.890192000000006
75 93 -35.794885
76 92 -29.99068
78 90 -11.037512000000001
66 103 -55.603099
67 102 -58.803099
68 101 -60.928684000000004
69 100 -61.279963
70 99 -60.370311
71 98 -58.077311
72 97 -54.71689
73 96 -50.29043
74 95 -44.917767999999995
75 94 -38.385847
76 93 -30.721352
77 92 -22.081118999999997
67 103 -56.244606
68 102 -60.114606
69 101 -59.800614
70 100 -60.768957
71 99 -57.310199
72 98 -56.253855
73 97 -50.137665
74 96 -47.293364000000004
75 95 -38.917754
76 94 -33.92778
78 92 -16.305533
67 104 -54.524862
68 103 -57.724862
69 102 -59.215595
70 101 -59.312137
71 100 -57.833542
72 99 -55.431345
73 98 -51.720273
74 97 -47.086091
75 96 -41.250281
76 95 -34.29312
77 94 -26.430172
78 93 -17.470596
79 92 -7.564773
68 104 -56.489417
69 103 -57.37999
70 102 -59.26028
71 101 -56.741334
72 100 -56.403544000000004
73 99 -51.329977
74 98 -49.097186
75 97 -41.523244
76 96 -37.238053
78 94 -21.101014
80 92 -1.087345
69 104 -56.258877999999996
70 103 -57.556281999999996
71 102 -56.885778
72 101 -55.411784
73 100 -52.396538
74 99 -48.727383
75 98 -43.553864999999995
76 97 -37.438224999999996
77 96 -30.271935000000003
78 95 -21.94157
79 94 -12.819798
69 105 -53.869597999999996
70 104 -56.949597999999995
71 103 -55.575279
72 102 -55.84662599999999
73 101 -51.740766
74 100 -50.227088
75 99 -43.673097
76 98 -39.996301
77 97 -30.868738
78 96 -25.319155
80 94 -6.647425
69 106 -52.315633999999996
70 105 -54.700634
71 104 -55.170695
72 103 -54.483847000000004
73 102 -52.408646999999995
74 101 -49.632795
75 100 -45.288307
76 99 -40.104697
77 98 -33.428622000000004
78 97 -25.69009
79 96 -17.443057
80 95 -7.989172
69 107 -49.374133
70 106 -53.494133000000005
71 105 -53.387359
72 104 -54.577509
73 103 -51.365374
74 102 -50.641603
75 101 -45.062886
76 100 -42.09794
77 99 -33.861029
78 98 -28.927898000000003
80 96 -11.779131999999999
70 107 -50.989216
71 106 -52.389034
72 105 -52.889623
73 104 -51.723622999999996
74 103 -49.701726
75 102 -46.269169999999995
76 101 -41.949529999999996
77 100 -36.047421
78 99 -29.370489000000003
79 98 -21.550199
80 97 -12.780882
81 96 -3.327962
70 108 -49.698297
71 107 -50.343004
72 106 -52.444262
73 105 -50.507262000000004
74 104 -50.415962
75 103 -45.653453
76 102 -43.546189
77 101 -36.251884
78 100 -31.998007
79 99 -22.326121999999998
80 98 -16.316845999999998
82 96 3.5678
71 108 -49.06417
72 107 -50.471936
73 106 -50.366313999999996
74 105 -49.303561
75 104 -46.586211999999996
76 103 -43.020103000000006
77 102 -38.077364
78 101 -32.263781
79 100 -24.952104
80 99 -16.921649000000002
81 98 -8.300467000000001
71 109 -46.685398
72 108 -49.788398
73 107 -48.936195
74 106 -49.644477
75 105 -45.839673000000005
76 104 -44.358858999999995
77 103 -37.977526
78 102 -34.435958
79 101 -25.596408
80 100 -20.244723
82 98 -1.939209
72 109 -47.411884
73 108 -48.441634
74 107 -48.253952
75 106 -46.511436
76 105 -43.552934
77 104 -39.471782
78 103 -34.374658000000004
79 102 -27.871187000000003
80 101 -20.661178
81 100 -12.801105
82 99 -3.144762
72 110 -46.058563
73 109 -46.433254
74 108 -48.247518
75 107 -45.447517999999995
76 106 -44.609074
77 105 -39.05167899999999
78 104 -36.169301
79 103 -28.300768
80 102 -23.576146
81 101 -13.351007
82 100 -6.826135
72 111 -43.286117
73 110 -45.296116999999995
74 109 -46.367023
75 108 -45.811023
76 107 -43.662754
77 106 -40.197266000000006
78 105 -35.772441
79 104 -30.186894
80 103 -23.799819
81 102 -16.587297
82 101 -7.568734
72 112 -41.501304
73 111 -42.841303999999994
74 110 -45.70730399999999
75 109 -44.226631000000005
76 108 -44.256145
77 107 -39.610851000000004
78 106 -37.332183
79 105 -30.31871
80 104 -26.349123
81 103 -16.885078
82 102 -11.045339
73 112 -41.396176
74 111 -43.389676
75 110 -43.822152
76 109 -42.809355000000004
77 108 -40.335553999999995
78 107 -36.683166
79 106 -31.866958
80 105 -26.175832999999997
81 104 -19.755772
82 103 -11.541263
73 113 -38.608542
74 112 -42.509542
75 111 -41.930192000000005
76 110 -42.999479
77 109 -39.172951999999995
78 108 -37.864474
79 107 -31.714852999999998
80 106 -28.539309
81 105 -20.190133000000003
82 104 -14.681327999999999
83 103 -3.1692910000000003
74 113 -39.904768
75 112 -41.215714
76 111 -41.218182999999996
77 110 -39.715773999999996
78 109 -36.712973
79 108 -33.005122
80 107 -28.117858000000002
81 106 -22.443512
82 105 -14.979941
83 104 -6.373435000000001
74 114 -38.66715
75 113 -39.01615
76 112 -41.136426
77 111 -38.328071
78 110 -37.82295
79 109 -32.300802
80 108 -30.201784
81 107 -22.346743999999997
82 106 -17.815438999999998
83 105 -7.204962
84 104 -0.538359
74 115 -35.477934999999995
75 114 -37.977934999999995
76 113 -38.98538
77 112 -38.453064
78 111 -36.483186
79 110 -33.581955
80 109 -29.630792
81 108 -24.602221
82 107 -17.878165
83 106 -10.061055
84 105 -1.415347
74 116 -34.296326
75 115 -35.566326000000004
76 114 -38.706326000000004
77 113 -36.751194000000005
78 112 -37.323422
79 111 -32.881422
80 110 -31.370436
81 109 -24.333278999999997
82 108 -20.416935000000002
83 107 -10.903017
84 106 -4.563217
75 116 -34.348616
76 115 -36.393733
77 114 -36.706409
78 113 -35.69796
79 112 -33.809297
80 111 -30.592959999999998
81 110 -26.281028
82 109 -20.246022
83 108 -13.240145
84 107 -5.053834
76 116 -35.880506000000004
77 115 -34.833207
78 114 -36.292864
79 113 -32.776523000000005
80 112 -32.011418
81 111 -25.872246
82 110 -22.555968
83 109 -13.545828
84 108 -8.071257
76 117 -33.392604
77 116 -34.533808
78 115 -34.477014000000004
79 114 -33.394324999999995
80 113 -31.050961
81 112 -27.318856
82 111 -22.194490000000002
83 110 -15.872871
84 109 -8.359902
85 108 -0.14614
76 118 -32.432681
77 117 -32.529281
78 116 -34.763121
79 115 -32.262062
80 114 -32.192983
81 113 -26.827026999999998
82 112 -24.2076
83 111 -15.990063
84 110 -11.005037
85 109 -1.187575
76 119 -29.689824
77 118 -31.689824
78 117 -32.796847
79 116 -32.570023
80 115 -31.000014999999998
81 114 -28.155026000000003
82 113 -23.713926999999998
83 112 -18.023722000000003
84 111 -11.074785
85 110 -3.4762440000000003
86 109 5.065181
76 120 -28.280779
77 119 -29.438431
78 118 -32.647448
79 117 -31.140018
80 116 -31.826683
81 115 -27.496631
82 114 -25.360754
83 113 -18.009031
84 112 -13.474450999999998
85 111 -3.9233800000000003
86 110 1.970318
77 120 -28.267782999999998
78 119 -30.422425
79 118 -31.141091
80 117 -30.540979
81 116 -28.34116
82 115 -24.748749
83 114 -19.687634
84 113 -13.357968000000001
85 112 -6.344205
86 111 1.4758140000000002
78 120 -29.907673
79 119 -29.582104
80 118 -30.954447000000002
81 117 -27.494447
82 116 -26.050199
83 115 -19.369486000000002
84 114 -15.473405000000001
85 113 -6.672103
86 112 -1.230817
77 122 -24.400873
78 121 -27.392356
79 120 -29.095035
80 119 -29.547053
81 118 -28.059394
82 117 -25.227978
83 116 -20.798434
84 115 -15.214964
85 114 -8.819147999999998
86 113 -1.518058
87 112 6.760921000000001
78 122 -26.602838
79 121 -27.268884
80 120 -29.504137
81 119 -27.048096
82 118 -26.243282999999998
83 117 -20.37007
84 116 -16.954491
85 115 -8.987739
86 114 -4.006076
87 113 6.122235
78 123 -23.741111
79 122 -26.401111
80 121 -27.663258999999996
81 120 -27.182028
82 119 -25.257915
83 118 -21.415944
84 117 -16.524922999999998
85 116 -10.789496
86 115 -4.072179
87 114 3.596375
79 123 -24.399705
80 122 -27.345859
81 121 -25.983272
82 120 -25.9336
83 119 -20.732892
84 118 -17.924235
85 117 -10.590867
86 116 -6.275017
87 115 3.141787
88 114 9.213115
79 124 -23.143394
80 123 -25.269119
81 122 -25.761191999999998
82 121 -24.78657
83 120 -21.539866000000004
84 119 -17.307062000000002
85 118 -12.163464
86 117 -6.160261
87 116 0.861303
88 115 8.636458000000001
80 124 -24.690241999999998
81 123 -24.345972000000003
82 122 -25.109735
83 121 -20.667303
84 120 -18.333551
85 119 -11.875313
86 118 -7.984077
87 117 0.608456
88 116 6.054402
80 125 -22.287497
81 124 -23.820592
82 123 -23.770091
83 122 -21.06167
84 121 -17.508993
85 120 -12.971536
86 119 -7.713889
87 118 -1.309717
88 117 5.839136000000001
80 126 -20.945511999999997
81 125 -22.253094
82 124 -23.785439999999998
83 123 -20.027931
84 122 -18.181739
85 121 -12.419576
86 120 -9.115503
87 119 -1.242551
88 118 3.5650790000000003
89 117 13.511303
80 127 -16.218666
81 126 -21.033666
82 125 -22.451905
83 124 -20.054433
84 123 -17.145849
85 122 -13.242582
86 121 -8.631013999999999
87 120 -2.841602
88 119 3.537912
89 118 11.131119
81 127 -16.749473000000002
82 126 -21.748455000000003
83 125 -18.870022000000002
84 124 -17.469516
85 123 -12.491356
86 122 -9.647976
87 121 -2.665206
88 120 1.713894
89 119 10.760200999999999
81 128 -13.638048000000001
82 127 -17.61444
83 126 -18.258461
84 125 -16.365944
85 124 -12.879634
86 123 -8.92861
87 122 -3.7692390000000002
88 121 1.854952
89 120 8.844408999999999
90 119 16.502052
81 129 -9.246298000000001
82 128 -14.728292
83 127 -14.791778
84 126 -15.953071
85 125 -11.97183
86 124 -9.597913
87 123 -3.34617
88 122 0.461069
89 121 8.789565
90 120 14.042591
82 129 -10.49145
83 128 -11.858421
84 127 -12.432507
85 126 -11.647148
86 125 -8.755556
87 124 -4.157681999999999
88 123 0.83647
89 122 7.204953000000001
90 121 13.905728
82 130 -7.547389
83 129 -8.117295
84 128 -10.36942
85 127 -8.62119
86 126 -8.659606
87 125 -3.537587
88 124 -0.191422
89 123 7.278529000000001
90 122 12.091061
91 121 21.614516
82 131 -3.184313
83 130 -5.2306490000000005
84 129 -6.6533999999999995
85 128 -6.579472
86 127 -5.698258
87 126 -3.549848
88 125 0.35765600000000003
89 124 6.154979999999999
90 123 12.118868
91 122 19.663224
82 132 -0.181261
83 131 -1.200193
84 130 -4.469912999999999
85 129 -3.379708
86 128 -4.3197529999999995
87 127 -0.958372
88 126 0.100503
89 125 6.428984000000001
90 124 10.711967000000001
91 123 19.48538
83 132 1.6485370000000001
84 131 -0.540277
85 130 -1.255123
86 129 -1.168574
87 128 0.318103
88 127 2.533509
89 126 6.011514
90 125 10.926733
91 124 17.871519
83 133 5.873948
84 132 1.783844
85 131 2.25725
86 130 0.255574
87 129 2.9789090000000003
88 128 3.2910019999999998
89 127 8.122698
90 126 10.304294
91 125 17.800445
84 133 5.900825
85 132 4.395555
86 131 3.658607
87 130 4.314635
88 129 5.887347
89 128 8.706595
90 127 12.215918
91 126 17.068683
92 125 22.699383
84 134 8.358331
85 133 8.098722
86 132 5.217537
87 131 7.059162000000001
88 130 6.651082000000001
89 129 10.843943999999999
90 128 12.374432
91 127 18.6689
92 126 21.923337
85 134 10.397048
86 133 8.830754
87 132 8.618322000000001
88 131 9.39419
89 130 11.569518
90 129 14.472525
91 128 18.521029
92 127 23.212048
85 135 14.352164
86 134 10.613425999999999
87 133 11.482904000000001
88 132 10.272874
89 131 13.751627000000001
90 130 14.668946
91 129 20.376714
86 135 14.47242
87 134 13.278226
88 133 12.963916999999999
89 132 14.523155000000001
90 131 16.937984
91 130 20.379210999999998
86 136 16.373558
87 135 16.349332
88 134 14.321283
89 133 16.621440999999997
90 132 17.202945
87 136 18.383833
88 135 17.234662
89 134 17.826437000000002
90 133 19.385739
91 132 22.320714
92 131 25.83834
87 137 21.65719
88 136 18.827189999999998
89 135 20.234720000000003
90 134 19.996285
91 133 23.870222000000002
92 132 25.713685
87 138 23.814031
88 137 21.994031
89 136 21.63822
90 135 22.310233
91 134 24.34057
92 133 27.377277
93 132 31.590626
87 139 27.373099
88 138 23.669099
89 137 24.310214
90 136 23.19706
91 135 26.033165
92 134 27.328826
87 140 29.654986
88 139 27.178986000000002
89 138 25.850941
90 137 25.806176
91 136 26.831753
92 135 29.02197
93 134 32.56204
88 140 28.941792
89 139 28.895981
90 138 26.772188
91 137 28.924170999999998
92 136 29.224699
94 134 36.088247
87 142 35.816157
88 141 32.562774000000005
89 140 30.753502
90 139 29.586513999999998
91 138 29.897971000000002
92 137 31.210582
93 136 33.779521
94 135 37.399682999999996
88 142 34.517809
89 141 33.807809
90 140 30.863975999999997
91 139 32.174506
92 138 31.614705999999998
93 137 35.236180999999995
94 136 36.933631999999996
89 142 35.917277999999996
90 141 33.817278
91 140 33.425722
92 139 33.807368000000004
93 138 35.625068
94 137 38.285435
89 143 39.148307
90 142 35.448307
91 141 35.947837
92 140 34.610733999999994
94 138 38.365534
90 143 38.733238
91 142 37.490097999999996
92 141 36.919958
93 140 37.949574999999996
94 139 40.051797
96 137 47.293098
90 144 40.614285
91 143 40.341197
92 142 38.146625
93 141 39.956471
94 140 40.349597
96 138 46.723592
90 145 44.25535
91 144 42.330456
92 143 40.920456
93 142 41.044669
94 141 42.183684
91 145 45.346325
92 144 42.446324999999995
93 143 43.379304
94 142 42.902718
91 146 47.641875
92 145 45.391875
93 144 44.873275
94 143 45.093307
91 147 50.768947999999995
92 146 47.308947999999994
93 145 47.456272
94 144 46.164745
95 143 48.423087
96 142 49.395914
92 147 50.573883
93 146 49.312385
94 145 48.589877
95 144 49.391985
92 148 52.715098
93 147 52.314735999999996
94 146 50.126995
95 145 51.511785
96 144 51.725434
93 148 54.261790999999995
94 147 52.956790999999996
95 146 52.936008
96 145 53.703425
93 149 57.41839
94 148 54.71839
95 147 55.469685
96 146 54.805218
98 144 59.337614
94 149 57.755508999999996
95 148 57.176109
96 147 57.183593
97 146 58.691176
94 150 59.805555
95 149 59.880951
96 148 58.453651
97 147 60.715500999999996
98 146 61.479247
94 151 63.106068
95 150 61.899746
96 149 61.004706
97 148 61.815447999999996
98 147 63.386875
94 152 65.39519
95 151 64.99464
96 150 62.618438999999995
97 149 63.968439
98 148 64.091733
100 146 70.140589
96 151 65.533901
97 150 65.490624
98 149 66.136624
96 152 67.39220200000001
98 150 67.239766
100 148 71.906414
96 153 70.75014999999999
97 152 69.849622
98 151 69.725622
96 154 72.989038
97 153 72.95137
98 152 71.17179300000001
100 150 74.073581
96 155 76.647617
97 154 75.227617
98 153 74.13461699999999
99 152 74.512202
100 151 75.98664
98 154 76.033987
99 153 77.29398699999999
100 152 76.817382
102 150 82.881097
98 155 79.30101499999999
99 154 79.013697
100 153 79.349538
98 156 81.34076700000001
99 155 81.99198600000001
100 154 80.904186
102 152 84.72427400000001
99 156 84.088873
100 155 83.799253
101 154 84.842994
102 153 86.853555
100 156 85.486109
101 155 87.615418
102 154 87.823739
104 152 94.235704
100 157 88.589481
101 156 88.996213
102 155 90.240522
101 157 91.68818399999999
106 154 106.583474
104 157 101.31539500000001
108 156 119.59906600000001
106 159 112.817611
