1 0 7.28897059
1 1 13.135721740000001
1 2 14.949806109999999
2 1 14.93121551
1 3 24.621123
2 2 2.42491561
3 1 25.323186
1 4 32.89244
2 3 11.231233
3 2 11.678886
1 5 41.875716999999995
2 4 17.592095
3 3 14.086878930000001
4 2 18.375034
2 5 26.073126
3 4 14.9071052
4 3 15.768998999999999
5 2 27.67655
2 6 31.609681000000002
3 5 20.945804
4 4 4.941671
5 3 22.921577000000003
6 2 35.064269
2 7 40.935896
3 6 24.954901999999997
4 5 11.348453
5 4 12.416488
6 3 28.910970000000002
2 8 49.172316
3 7 33.052624
4 6 12.607488
5 5 12.050690000000001
6 4 15.698754999999998
7 3 38.800107000000004
3 8 40.728254
4 7 20.177167
5 6 8.667883
6 5 10.650295
7 4 24.303642
3 9 48.919571000000005
4 8 25.077758999999997
5 7 13.369416
6 6 0.0
7 5 17.338072
8 4 31.914696
3 10 58.340888
4 9 33.659076
5 8 16.562119
6 7 3.12500875
7 6 5.3454809999999995
8 5 23.115439
4 10 39.954498
5 9 23.663685
6 8 3.01989278
7 7 2.86341669
8 6 8.007457
9 5 31.96441
5 10 28.957988
6 9 9.873144
7 8 0.10143866
8 7 2.855605
9 6 16.806810000000002
4 12 57.447131999999996
5 11 37.112271
6 10 13.694128000000001
7 9 5.6839070000000005
8 8 -4.73700137
9 7 10.680254000000001
10 6 23.986154
5 12 43.770815999999996
6 11 21.030777999999998
7 10 7.870075
8 9 -0.80876361
9 8 1.9517010000000001
10 7 16.500451
5 13 51.847133
6 12 24.918124
7 11 13.113168
8 10 -0.78281558
9 9 0.873113
10 8 5.317622999999999
11 7 25.036931
6 13 32.412612
7 12 15.855521000000001
8 11 3.3328580000000003
9 10 -1.48744434
10 9 1.752054
11 8 12.929390999999999
12 7 31.828392
6 14 37.557610000000004
7 13 21.76511
8 12 3.796168
9 11 -0.017463
10 10 -7.04193055
11 9 6.850604000000001
12 8 17.558667
7 14 25.251164
8 13 8.061907
9 12 -0.047609
10 11 -5.731776
11 10 -2.1846370000000004
12 9 10.913515
6 16 53.590244
7 15 32.038675
8 14 9.283322
9 13 2.793377
10 12 -8.024714
11 11 -5.181518
12 10 -0.39993900000000004
8 15 14.620657
9 14 3.313042
10 13 -5.154044
11 12 -9.52985249
12 11 -5.473264
13 10 6.748069999999999
8 16 18.500401999999998
9 15 7.559527
10 14 -5.9516409999999995
11 13 -8.417958
12 12 -13.933569
13 11 -0.047614
14 10 10.744352999999998
8 17 27.347719
9 16 11.363509
10 15 -2.059806
11 14 -9.357816999999999
12 13 -13.192771
13 12 -8.916165000000001
14 11 3.827331
8 18 34.733036999999996
9 17 18.665061
10 16 0.479445
11 15 -6.86078
12 14 -16.214546
13 13 -12.210111999999999
14 12 -7.1409769999999995
9 18 24.629633000000002
10 17 7.035824
11 16 -5.517676000000001
12 15 -14.586613999999999
13 14 -17.196747
14 13 -12.384388999999999
15 12 -0.722461
9 19 32.92095
10 18 11.291568999999999
11 17 -0.988315
12 16 -15.01873
13 15 -16.85053
14 14 -21.492794590000003
15 13 -7.14774
16 12 4.073205
10 19 18.399801
11 18 2.679976
12 17 -10.602829
13 16 -18.204662
14 15 -21.89507867
15 14 -16.952451
16 13 -3.156408
10 20 23.039573
11 19 8.47467
12 18 -8.883727
13 17 -15.872452
14 16 -24.432961
15 15 -20.200608
16 14 -14.059007
10 21 30.820342
11 20 12.260935
12 19 -3.122337
13 18 -14.954976
14 17 -22.949036
15 16 -24.440541109999998
16 15 -19.042525
17 14 -7.066123999999999
11 21 18.809658
12 20 -0.8288070000000001
13 19 -11.098528
14 18 -24.077686
15 17 -24.304873999999998
16 16 -26.01553353
17 15 -13.334674000000001
18 14 -2.200351
12 21 4.962204
13 20 -8.468233
14 19 -20.514326
15 18 -26.337346
16 17 -26.58585432
17 16 -21.003337
18 15 -9.384293
12 22 8.323347
13 21 -3.068901
14 20 -19.956729
15 19 -24.548698
16 18 -29.931693
17 17 -24.440087
18 16 -18.378293000000003
12 23 15.639783999999999
13 22 -0.219833
14 21 -14.360399
15 20 -24.857791000000002
16 19 -28.846217
17 18 -29.013540000000003
18 17 -23.04741
19 16 -11.172891
12 24 20.380157
13 23 5.950384
14 22 -12.393323
15 21 -20.251027999999998
16 20 -30.664124
17 19 -29.522016999999998
18 18 -30.231540000000003
19 17 -17.417064999999997
20 16 -6.451149999999999
13 24 9.809563
14 23 -6.5942870000000005
15 22 -18.996105
16 21 -26.89641
17 20 -31.761521000000002
18 19 -30.947648
19 18 -24.800199
20 17 -13.136066000000001
13 25 16.209859
14 24 -4.170299
15 23 -14.669556
16 22 -26.861187
17 21 -29.798087
18 20 -34.71482
19 19 -28.800754
20 18 -22.0585
14 25 2.3203519999999997
15 24 -12.829272999999999
16 23 -23.162346000000003
17 22 -29.800192
18 21 -33.24219
19 20 -33.807190219999995
20 19 -27.282702
21 18 -14.172709999999999
14 26 5.429679
15 25 -8.074425
16 24 -22.837846000000003
17 23 -27.557813
18 22 -35.03989464
19 21 -33.535492
20 20 -34.846385999999995
21 19 -20.523336
22 18 -8.850386
14 27 12.119667999999999
15 26 -4.979767
16 25 -19.008577000000002
17 24 -27.307188999999997
18 23 -33.067505
19 22 -35.55954329
20 21 -35.137887
21 20 -28.642411
22 19 -15.697537
15 27 1.009739
16 26 -17.637746
17 25 -24.91299
18 24 -34.422675000000005
19 23 -35.022026
20 22 -38.547243
21 21 -32.121143000000004
22 20 -25.104663000000002
15 28 4.679826
16 27 -12.195459000000001
17 26 -24.322627
18 25 -32.009808
19 24 -36.575389
20 23 -38.408815000000004
21 22 -36.1881
22 21 -29.321084
23 20 -17.916356
16 28 -9.204234
17 27 -20.60973
18 26 -32.673255
19 25 -35.781492
20 24 -41.468658000000005
21 23 -37.815978
22 22 -37.54857
23 21 -24.11638
16 29 -3.989589
17 28 -18.359747
18 27 -29.770795999999997
19 26 -36.615638
20 25 -40.812152000000005
21 24 -41.071177000000006
22 23 -39.009121
23 22 -31.880549
24 21 -19.514799
17 29 -13.81033
18 28 -29.730762
19 27 -35.413924
20 26 -43.138396
21 25 -41.760499
22 24 -44.126996
23 23 -37.074602
24 22 -29.473530999999998
18 29 -25.211011
19 28 -35.711976
20 27 -42.343453000000004
21 26 -44.335629999999995
22 25 -44.9364
23 24 -42.005801
24 23 -34.560887
25 22 -22.565441999999997
19 29 -32.284476999999995
20 28 -44.224759
21 27 -44.50342
22 26 -48.491733999999994
23 25 -44.476768
24 24 -42.821654
25 23 -29.323431
19 30 -29.611491
20 29 -41.299895
21 28 -46.56107299999999
22 27 -48.562809
23 26 -47.960953
24 25 -45.332693
25 24 -37.636737999999994
26 23 -24.750726999999998
19 31 -25.727848
20 30 -39.589224
21 29 -44.547514
22 28 -51.430681
23 27 -49.223856
24 26 -50.261709
25 25 -42.62723200000001
26 24 -34.488631
19 32 -22.516039
20 31 -36.338529
21 30 -43.228814
22 29 -49.731858
23 28 -52.203685
24 27 -51.451054
25 26 -48.243495
26 25 -40.20233
27 24 -27.342143
20 32 -34.263009
21 31 -40.166506
22 30 -49.468845
23 29 -51.443612
24 28 -55.418089
25 27 -50.706854
26 26 -48.332293
21 32 -38.10742
22 31 -46.829991
23 30 -51.849991
24 29 -55.285894
25 28 -54.689045
26 27 -50.946734
27 26 -42.658627
28 25 -29.630824
21 33 -33.598989
22 32 -45.597053
23 31 -49.892107
24 30 -56.933697
25 29 -55.556523999999996
26 28 -56.253867
27 27 -48.00932
28 26 -39.222917
21 34 -29.976508999999997
22 33 -41.66753
23 32 -49.143620000000006
24 31 -55.108642999999994
25 30 -57.711725
26 29 -57.480637
27 28 -54.029258
28 27 -45.335224000000004
29 26 -31.635399
22 34 -39.205322
23 33 -46.123101999999996
24 32 -55.281245000000006
25 31 -56.910845
26 30 -60.606422
27 29 -56.039798000000005
28 28 -53.906909
22 35 -33.86760700000001
23 34 -44.228389
24 33 -52.524139000000005
25 32 -57.486131
26 31 -60.18118
27 30 -59.344947999999995
28 29 -56.083219
29 28 -47.30825299999999
23 35 -40.319499
24 34 -51.834726
25 33 -55.82756
26 32 -62.154467
27 31 -59.846557999999995
28 30 -60.228153
29 29 -51.667134
30 28 -42.298153
23 36 -37.832015
24 35 -47.89149
25 34 -55.52532
26 33 -60.664164
27 32 -62.229119
28 31 -61.156118
29 30 -56.357732000000006
30 29 -47.214955
23 37 -33.241956
24 36 -46.503876
25 35 -52.967938000000004
26 34 -61.412375
27 33 -61.64972
28 32 -64.472533
29 31 -58.344551
30 30 -54.173732
23 38 -30.506429
24 37 -42.455089
25 36 -51.742122
26 35 -58.920494
27 34 -62.897623
28 33 -64.221322
29 32 -61.983834
30 31 -56.348691
31 30 -47.134542
24 38 -40.894961
26 36 -58.878048
27 35 -61.423824
28 34 -66.745863
29 33 -62.786966
30 32 -61.167512
31 31 -51.986446
24 39 -35.722114000000005
25 38 -46.887053
26 37 -55.635621
27 36 -61.850999
28 35 -65.512321
29 34 -65.579298
30 33 -62.213111
31 32 -56.547092
32 31 -46.921216
25 39 -42.989034
26 38 -54.969544
27 37 -59.791888
28 36 -67.098478
29 35 -65.424094
30 34 -66.003789
31 33 -58.832750999999995
32 32 -54.315495999999996
25 40 -40.967338000000005
26 39 -51.221492
27 38 -59.185198
28 37 -65.125242
29 36 -67.26345699999999
30 35 -65.91179799999999
31 34 -62.657328
32 33 -56.478216
33 32 -46.937051
25 41 -36.750387
26 40 -50.06784
27 39 -56.408533000000006
28 38 -66.006285
29 37 -66.25807
30 36 -68.899062
31 35 -63.724061999999996
32 34 -61.607033
33 33 -52.025076999999996
26 41 -46.068529999999996
27 40 -55.321775
28 39 -63.74268
29 38 -67.31877899999999
30 37 -67.880067
31 36 -66.878896
32 35 -62.658004
33 34 -56.587225
34 33 -46.580289
26 42 -43.825349
27 41 -51.923721
28 40 -63.463814
29 39 -65.567034
30 38 -70.00684600000001
31 37 -67.085746
32 36 -66.978789
33 35 -58.894519
34 34 -54.189441
27 42 -50.169085
28 41 -59.978648
29 40 -65.736212
30 39 -68.417599
31 38 -69.327799
32 37 -67.10065399999999
33 36 -63.112163
34 35 -56.434706
35 34 -46.111470999999995
27 43 -46.919353
28 42 -59.213860000000004
29 41 -62.976372000000005
30 40 -69.56470900000001
31 39 -68.91013099999999
32 38 -70.561835
33 37 -64.341835
34 36 -61.929891000000005
35 35 -51.42562
27 44 -44.369925
28 43 -55.406228000000006
29 42 -62.71112599999999
30 41 -67.328775
31 40 -70.13909699999999
32 39 -69.90645699999999
33 38 -67.893057
34 37 -63.146507
35 36 -56.502418
36 35 -46.327205
28 44 -54.226061
29 43 -59.782998
30 42 -68.145486
31 41 -68.58825599999999
32 40 -72.58590099999999
33 39 -68.22979799999999
34 38 -67.86818
35 37 -59.06732100000001
36 36 -53.940574999999995
28 45 -50.108152000000004
29 44 -58.987437
30 43 -65.593402
31 42 -69.699335
32 41 -71.297523
33 40 -70.952749
34 39 -68.227388
35 38 -63.647585
36 37 -56.55175
29 45 -56.006205
30 44 -65.756712
31 43 -68.049617
32 42 -73.42244199999999
33 41 -70.86005499999999
34 40 -72.21320200000001
35 39 -65.28824900000001
36 38 -62.331834
37 37 -51.915985
29 46 -54.471341
30 45 -62.558908
31 44 -68.46458
32 43 -71.856965
33 42 -73.03419
34 41 -72.169481
35 40 -69.107118
36 39 -64.323623
37 38 -57.218694000000006
38 37 -46.618694000000005
29 47 -50.975985
30 46 -62.30301600000001
31 45 -66.296639
32 44 -73.21288899999999
33 43 -72.29137200000001
34 42 -75.25195
35 41 -70.289069
36 40 -69.014137
37 39 -60.479081
38 38 -54.247638
30 47 -58.789195
31 46 -65.992344
32 45 -71.21286199999999
33 44 -73.916319
34 43 -74.599485
35 42 -73.234805
36 41 -70.16944199999999
37 40 -64.830491
38 39 -57.803436000000005
29 49 -44.497468
30 48 -57.483233999999996
31 47 -63.705949999999994
32 46 -71.862053
33 45 -72.81696099999999
34 44 -77.025909
35 43 -73.452125
36 42 -74.17957700000001
37 41 -66.935418
38 40 -63.173941
30 49 -53.432294
31 48 -62.547678
32 47 -69.526594
33 46 -73.636069
34 45 -75.91742500000001
35 44 -76.06805499999999
36 43 -74.442277
37 42 -70.802985
38 41 -65.476889
39 40 -58.356889
30 50 -51.648612
31 49 -59.223667
32 48 -69.535305
33 47 -72.21446
34 46 -77.759477
35 45 -75.88901399999999
36 44 -77.89331299999999
37 43 -72.175467
38 42 -70.31147999999999
39 41 -61.146903
40 40 -55.517043
30 51 -46.199663
31 50 -57.627953999999995
32 49 -66.291686
33 48 -72.533314
34 47 -76.38900699999999
35 46 -77.975651
36 45 -77.694814
37 44 -75.456663
38 43 -71.528125
39 42 -65.711726
40 41 -58.396391
31 51 -52.930718
32 50 -65.415066
33 49 -70.10308900000001
34 48 -77.593919
35 47 -77.497277
36 46 -80.590318
37 45 -76.187803
38 44 -76.010046
39 43 -68.062962
31 52 -49.257122
32 51 -60.976434
33 50 -69.669322
34 49 -75.340567
35 48 -79.013401
36 47 -79.990031
37 46 -79.070629
38 45 -76.79760499999999
39 44 -72.204524
40 43 -65.91051300000001
41 42 -58.410513
32 52 -58.148427000000005
33 51 -65.85355899999999
34 50 -75.947721
35 49 -77.783084
36 48 -82.43933541
37 47 -79.75896
38 46 -80.64955499999999
39 45 -73.89347599999999
40 44 -71.42053299999999
32 53 -53.123419
33 52 -63.189142999999994
34 51 -72.413635
35 50 -78.57546799999999
36 49 -81.48033
37 48 -82.16733008
38 47 -81.103276
39 46 -77.842123
40 45 -73.174025
41 44 -66.279675
42 43 -57.509752
33 53 -58.962142
34 52 -70.503166
35 51 -75.63225100000001
36 50 -83.26566488
37 49 -82.74700999999999
38 48 -84.52319899999999
39 47 -79.283199
40 46 -77.968652
41 45 -69.132879
42 44 -64.110244
33 54 -55.617906000000005
34 53 -66.426124
35 52 -73.891676
36 51 -80.709521
37 50 -84.59778999999999
38 49 -84.880033
39 48 -83.01834299999999
40 47 -79.346533
41 46 -73.873299
42 45 -66.884808
43 44 -57.690044
34 54 -63.884195
35 53 -70.715958
36 52 -79.69128500000001
37 51 -82.60899400000001
38 50 -87.921351
39 49 -84.29875100000001
40 48 -83.628329
41 47 -76.17598699999999
42 46 -72.686543
43 45 -61.681314
34 55 -58.99239
35 54 -68.27426200000001
36 53 -76.535784
37 52 -81.712239
38 51 -86.20875
39 50 -87.70915099999999
40 49 -84.87639
41 48 -80.625395
42 47 -75.014934
43 46 -67.394848
34 56 -55.800216999999996
35 55 -64.000297
36 54 -74.95925
37 53 -79.36473
38 52 -85.948917
39 51 -86.49486
40 50 -88.77355800000001
41 49 -82.662222
42 48 -80.172886
43 47 -70.724686
44 46 -64.883792
35 56 -61.107293
36 55 -70.97396400000001
37 54 -77.745126
38 53 -83.652406
39 52 -86.35187699999999
40 51 -87.896158
41 50 -86.638575
42 49 -82.208712
43 48 -75.98625299999999
44 47 -68.23951799999999
35 57 -56.232805
36 56 -68.76931900000001
37 55 -74.772524
38 54 -82.86739200000001
39 53 -84.817054
40 52 -88.45963
41 51 -86.453745
42 50 -86.807827
43 49 -78.925692
44 48 -74.301201
45 47 -62.999087
35 58 -52.970338000000005
36 57 -64.135994
37 56 -72.619953
38 55 -80.085915
39 54 -84.227656
40 53 -87.12268300000001
41 52 -87.21298399999999
42 51 -86.80632000000001
43 50 -83.605357
44 49 -77.216712
45 48 -69.01180000000001
36 58 -61.347771
37 57 -68.56278900000001
38 56 -78.845748
39 55 -82.35284200000001
40 54 -87.270901
41 53 -86.36920699999999
42 52 -88.412843
43 51 -84.157095
44 50 -82.583591
45 49 -72.907613
46 48 -66.10104700000001
36 59 -56.158911999999994
37 58 -65.893881
38 57 -75.122251
39 56 -81.211319
40 55 -85.661557
41 54 -86.785057
42 53 -87.710624
43 52 -86.020106
44 51 -83.456497
45 50 -78.340606
46 49 -69.964665
36 60 -53.079678
37 59 -61.354361
38 58 -72.92985499999999
39 57 -78.34159299999999
40 56 -85.44461
41 55 -85.60682700000001
42 54 -88.79362699999999
43 53 -85.820385
44 52 -86.07912300000001
45 51 -79.686469
46 50 -76.182159
47 49 -64.511635
36 61 -47.423491
37 60 -58.519121
38 59 -68.58221400000001
39 58 -76.127179
40 57 -82.948417
41 56 -85.60808800000001
42 55 -87.54355899999999
43 54 -87.218851
44 53 -86.119303
45 52 -82.596303
46 51 -77.805842
47 50 -70.82584200000001
37 61 -54.318332999999996
38 60 -66.42597599999999
39 59 -72.30059
40 58 -81.292514
41 57 -83.530365
42 56 -88.11484200000001
43 55 -86.431125
44 54 -88.224765
45 53 -83.175112
46 52 -81.320975
47 51 -73.06641499999999
48 50 -67.636415
37 62 -51.205403
38 61 -62.511942000000005
39 60 -70.655702
40 59 -77.624426
41 58 -82.331795
42 57 -85.96897
43 56 -87.326776
44 55 -87.621838
45 54 -85.577994
46 53 -82.181239
47 52 -76.712473
48 51 -69.931122
38 62 -59.830146
39 61 -67.33333
40 60 -76.38197100000001
41 59 -79.803334
42 58 -86.18947999999999
43 57 -86.019859
44 56 -89.22384600000001
45 55 -85.588217
46 54 -85.227225
47 53 -78.13795900000001
48 52 -74.194596
49 51 -64.312972
50 50 -57.282972
38 63 -55.561993
39 62 -65.066993
40 61 -73.17075
41 60 -78.88799
42 59 -83.51640300000001
43 58 -86.341057
44 57 -87.954577
45 56 -87.410826
46 55 -85.43065700000001
47 54 -81.33437300000001
48 53 -75.836455
50 51 -60.305625
38 64 -52.358366000000004
39 63 -61.173366
40 62 -71.593762
41 61 -76.310599
42 60 -83.570462
43 59 -84.57058900000001
44 58 -89.10289999999999
45 57 -86.780428
46 56 -87.930996
47 55 -82.246534
48 54 -79.659534
49 53 -70.69374499999999
50 52 -64.933745
39 64 -58.457765
40 63 -67.821446
41 62 -75.025099
42 61 -80.96678299999999
43 60 -84.601889
44 59 -87.263637
45 58 -88.028052
46 57 -87.485032
47 56 -84.80028999999999
48 55 -80.651995
49 54 -74.629515
50 53 -66.969515
40 64 -65.73022999999999
41 63 -71.825182
42 62 -80.355913
43 61 -82.50718499999999
44 60 -88.093734
45 59 -86.955692
46 58 -89.394976
47 57 -85.116322
48 56 -83.968236
49 55 -76.182664
50 54 -71.62704099999999
51 53 -59.170544
40 65 -61.470962
41 64 -69.911912
42 63 -77.343235
43 62 -82.292947
44 61 -85.932515
45 60 -87.85055
46 59 -88.417759
47 58 -87.07082799999999
48 57 -84.333837
49 56 -79.640571
50 55 -73.337986
51 54 -64.01608999999999
52 53 -52.811510000000006
41 65 -66.19968300000001
42 64 -76.14081900000001
43 63 -79.775384
44 62 -86.322384
45 61 -86.361788
46 60 -89.907404
47 59 -86.942262
48 58 -87.132015
49 57 -80.608012
50 56 -77.35368
51 55 -66.473291
52 54 -58.218688
41 66 -63.720099999999995
42 65 -72.557908
43 64 -78.747902
44 63 -83.8605
45 62 -86.863855
46 61 -88.372517
47 60 -88.406595
48 59 -86.99024800000001
49 58 -83.564248
50 57 -78.512227
51 56 -70.653222
52 55 -60.536328999999995
41 67 -59.545964999999995
42 66 -70.762348
43 65 -75.920745
44 64 -83.659318
45 63 -85.03192
46 62 -89.524361
47 61 -87.60668799999999
48 60 -89.25255100000001
49 59 -84.11994100000001
50 58 -82.069943
51 57 -72.44533
52 56 -65.781671
53 55 -52.646529
41 68 -56.619930999999994
42 67 -66.672465
43 66 -74.280725
44 65 -80.736351
45 64 -84.999925
46 63 -87.606632
47 62 -88.719883
48 61 -88.504363
49 60 -86.487931
50 59 -82.630914
51 58 -76.25105400000001
52 57 -67.71539
53 56 -57.673182999999995
54 55 -46.169627
42 68 -64.54911200000001
43 67 -71.032441
44 66 -80.07057499999999
45 65 -82.828978
46 64 -88.33152700000001
47 63 -87.457761
48 62 -90.348765
49 61 -86.470765
50 60 -85.841983
51 59 -77.449733
52 58 -72.22982300000001
53 57 -60.464175000000004
54 56 -51.918586000000005
42 69 -59.937674
43 68 -69.022535
44 67 -76.78318399999999
45 66 -82.30465799999999
46 65 -85.98651
47 64 -88.216279
48 63 -89.253079
49 62 -88.390901
50 61 -85.93951799999999
51 60 -80.836736
52 59 -73.58747699999999
53 58 -64.953808
54 57 -54.392537
43 69 -65.255055
44 68 -75.628711
45 67 -79.732885
46 66 -86.32183
47 65 -86.58371700000001
48 64 -90.57580499999999
49 63 -87.99107099999999
50 62 -88.65599
51 61 -81.59896400000001
52 60 -77.567508
53 59 -67.063329
54 58 -60.026421
55 57 -46.287279999999996
43 70 -62.811538999999996
44 69 -71.870352
45 68 -78.76774499999999
46 67 -83.591301
47 66 -87.02678900000001
48 65 -89.043251
49 64 -89.365821
50 63 -88.32824000000001
51 62 -84.417076
52 61 -78.34702899999999
53 60 -71.119507
54 59 -62.203632
55 58 -51.763919
44 70 -70.222022
45 69 -75.713421
46 68 -83.491154
47 67 -84.930799
48 66 -90.014842
49 65 -88.56839699999999
50 64 -90.55733599999999
51 63 -84.49564500000001
52 62 -81.888569
54 60 -67.085889
55 59 -54.68226
56 58 -45.959505
44 71 -66.303837
45 70 -74.229276
46 69 -80.426583
47 68 -84.982661
48 67 -88.084389
49 66 -89.53634299999999
50 65 -90.033833
51 64 -87.003403
52 63 -82.062759
53 62 -76.337796
54 61 -68.65674700000001
44 72 -64.068907
45 71 -70.739025
46 70 -79.831849
47 69 -82.542653
48 68 -88.71255599999999
49 67 -88.249746
50 66 -91.525995
51 65 -86.821654
52 64 -85.26896099999999
53 63 -77.492236
54 62 -73.046723
44 73 -59.519672
45 72 -68.89758900000001
46 71 -76.424685
47 70 -82.18205
48 69 -86.418465
49 68 -88.943073
50 67 -90.397782
51 66 -88.639564
52 65 -85.095425
53 64 -80.43607899999999
54 63 -74.18533599999999
55 62 -66.493091
56 61 -57.621687
45 73 -64.887678
46 72 -75.388883
47 71 -79.553791
48 70 -86.70172
49 69 -87.22825
50 68 -91.652886
51 67 -87.996246
52 66 -87.69678
53 65 -80.971048
54 64 -78.079056
55 63 -68.409367
45 74 -62.822792
46 73 -71.408122
47 72 -78.645771
48 71 -83.97711699999999
49 70 -87.6995
50 69 -90.065063
51 68 -89.47421700000001
52 67 -87.181217
53 66 -83.76553
54 65 -78.794412
55 64 -72.305051
56 63 -64.590086
46 74 -70.280208
47 73 -75.65150100000001
48 72 -83.95735400000001
49 71 -85.728591
50 70 -91.098591
51 69 -88.41798299999999
52 68 -89.36818600000001
53 67 -83.753186
54 66 -82.172423
55 65 -73.888638
56 64 -68.888638
46 75 -66.182327
47 74 -74.40282
48 73 -81.073825
49 72 -85.836183
50 71 -89.197486
51 70 -89.598575
52 69 -88.544269
53 68 -86.25164
54 67 -82.480985
55 66 -77.102331
56 65 -70.74483599999999
46 76 -64.616159
47 75 -71.10610799999999
48 74 -80.612373
49 73 -83.572954
50 72 -89.941545
51 71 -88.333624
52 70 -90.31444
53 69 -86.08044
54 68 -85.354976
55 67 -78.14475900000001
56 66 -74.60894400000001
47 76 -69.54807799999999
48 75 -77.414181
49 74 -83.430454
50 73 -87.81639100000001
51 72 -89.224825
52 71 -89.172136
53 70 -87.943711
54 69 -85.248694
55 68 -81.043645
56 67 -75.65495200000001
47 77 -66.20013300000001
48 76 -76.701671
49 75 -80.87021700000001
50 74 -88.234237
51 73 -87.621004
52 72 -90.525302
53 71 -87.365715
54 70 -87.661052
55 69 -81.731334
56 68 -79.08977499999999
57 67 -70.25861
47 78 -64.230237
48 77 -73.348094
49 76 -80.47684
50 75 -85.89641999999999
51 74 -88.25625500000001
52 73 -89.022955
53 72 -88.83718499999999
54 71 -87.193012
55 70 -84.08784
56 69 -79.668965
57 68 -73.759484
48 78 -72.256802
49 77 -77.772929
50 76 -86.01528599999999
51 75 -86.39328599999999
52 74 -90.06533
53 73 -87.91130199999999
54 72 -89.145566
55 71 -84.350454
56 70 -82.66990200000001
57 69 -74.973468
58 68 -70.820558
48 79 -68.49051399999999
49 78 -76.898298
50 77 -83.47122999999999
51 76 -86.699477
52 75 -88.281659
53 74 -88.983895
54 73 -88.321546
55 72 -86.240151
56 71 -82.817944
57 70 -77.896108
58 69 -71.97933599999999
48 80 -67.24189
49 79 -74.14595
50 78 -83.362021
51 77 -84.630302
52 76 -88.99374499999999
53 75 -87.738709
54 74 -89.86027800000001
55 73 -85.931564
56 72 -85.37890700000001
57 71 -78.62543
58 70 -75.533917
59 69 -66.330756
49 80 -72.83789200000001
50 79 -80.607102
51 78 -84.62933699999999
52 77 -87.004837
53 76 -88.507142
54 75 -88.69605676
55 74 -87.499252
56 73 -85.063288
57 72 -81.324613
58 71 -76.287496
59 70 -69.77355800000001
48 82 -61.533860999999995
49 81 -69.88386100000001
50 80 -80.132861
51 79 -82.286266
52 78 -87.352947
53 77 -86.936155
54 76 -89.880462
55 75 -86.899743
56 74 -87.26173399999999
57 73 -81.62736500000001
58 72 -79.422905
59 71 -71.175457
60 70 -66.596232
49 82 -68.025582
50 81 -77.272128
51 80 -81.98190600000001
52 79 -85.21101
53 78 -87.442784
54 77 -88.413631
55 76 -88.058879
56 75 -86.68392200000001
57 74 -83.769256
58 73 -79.708439
59 72 -74.300656
60 71 -67.768033
49 83 -62.408911999999994
50 82 -76.54391199999999
51 81 -79.63557300000001
52 80 -85.188185
53 79 -85.70349
54 78 -89.27896288999999
55 77 -87.156248
56 76 -88.43499
57 75 -83.723632
58 74 -82.470963
59 73 -75.213483
60 72 -71.425807
50 83 -70.874208
51 82 -78.922507
52 81 -82.93205999999999
53 80 -85.88657099999999
54 79 -87.643571
55 78 -88.070931
56 77 -87.553588
57 76 -85.494383
58 75 -82.418214
59 74 -77.93758
60 73 -72.332372
61 72 -65.407646
50 84 -66.432229
51 83 -74.020541
52 82 -82.535996
53 81 -84.059102
54 80 -88.124303
55 79 -86.891154
56 78 -88.95005499999999
57 77 -85.21865
58 76 -84.832889
59 75 -78.527991
60 74 -75.646432
61 73 -66.73875100000001
50 85 -60.632243
51 84 -69.689625
52 83 -77.727859
53 82 -83.788959
54 81 -86.41676600000001
55 80 -87.581815
56 79 -87.850713
57 78 -86.643508
58 77 -84.616356
59 76 -80.93586
60 75 -76.21360899999999
61 74 -70.026925
62 73 -62.857215
51 85 -64.509798
52 84 -74.425804
53 83 -79.545478
54 82 -86.429152
55 81 -86.338914
56 80 -88.88713800000001
57 79 -86.03747800000001
58 78 -86.508588
59 77 -81.34042600000001
60 76 -79.19928599999999
61 75 -71.1805
62 74 -66.81088899999999
51 86 -60.030131000000004
52 85 -69.304222
53 84 -76.356251
54 83 -82.38339599999999
55 82 -86.545824
56 81 -87.721453
57 80 -87.14090399999999
58 79 -85.91880400000001
59 78 -83.201836
60 77 -79.58456600000001
61 76 -74.072847
62 75 -68.02652499999999
52 86 -65.69619800000001
53 85 -71.979892
54 84 -79.972231
55 83 -82.887048
56 82 -88.261856
57 81 -86.521895
58 80 -87.568736
59 79 -83.131736
60 78 -82.01830899999999
61 77 -74.94048299999999
62 76 -71.49776200000001
63 75 -61.749669000000004
52 87 -60.205071000000004
53 86 -68.459027
54 85 -75.644575
55 84 -80.70114
56 83 -84.913969
57 82 -87.22858500000001
58 81 -86.950204
59 80 -84.821133
60 79 -82.014648
61 78 -77.500608
62 77 -72.380218
63 76 -65.39804099999999
52 88 -56.356721
53 87 -63.59589
54 86 -72.986451
55 85 -77.05033
56 84 -83.270226
57 83 -84.31824499999999
58 82 -88.079178
59 81 -84.691178
60 80 -84.253772
61 79 -78.208572
62 78 -75.455934
63 77 -66.985934
64 76 -61.782271
65 75 -50.482271
54 87 -68.19729799999999
55 86 -74.47714500000001
56 85 -79.732781
57 84 -82.934609
58 83 -85.43600199999999
59 82 -86.016422
60 81 -84.19340799999999
61 80 -80.52292
62 79 -75.933866
63 78 -69.92562
64 77 -63.224224
65 76 -54.540836999999996
53 89 -54.769983999999994
54 88 -65.229639
55 87 -70.51783
56 86 -77.842734
57 85 -80.023821
58 84 -84.532731
59 83 -83.788251
60 82 -85.94988599999999
61 81 -81.14205899999999
62 80 -78.986606
63 79 -71.313606
64 78 -66.959515
65 77 -56.559515
54 89 -60.202873
55 88 -67.673666
56 87 -73.937063
57 86 -78.17142999999999
58 85 -81.60621499999999
59 84 -83.068031
60 83 -84.002139
61 82 -82.960475
62 81 -79.51670299999999
63 80 -74.24130000000001
64 79 -68.2313
65 78 -60.419183
66 77 -52.168941
54 90 -56.872292
55 89 -63.270506999999995
56 88 -71.76708
57 87 -74.849652
58 86 -80.431769
59 85 -80.75041499999999
60 84 -83.747855
61 83 -81.415932
62 82 -81.96544899999999
63 81 -75.619099
64 80 -71.759503
65 79 -62.368181
66 78 -56.570082
67 77 -44.609513
54 91 -51.493328999999996
55 90 -60.055807
56 89 -67.516176
57 88 -72.83531500000001
58 87 -77.066944
59 86 -79.625824
60 85 -81.431837
61 84 -81.26732200000001
62 83 -80.651229
63 82 -77.99154300000001
64 81 -72.924037
65 80 -66.301929
66 79 -58.242598
67 78 -49.120105
54 92 -47.954942
55 91 -55.568953
56 90 -64.940303
57 89 -69.04683100000001
58 88 -75.63506600000001
59 87 -76.68072599999999
60 86 -80.925751
61 85 -79.454206
62 84 -80.996206
63 83 -77.11742
64 82 -76.085532
65 81 -67.763409
66 80 -62.554917
67 79 -51.238218
68 78 -44.322012
55 92 -52.018205
56 91 -60.264029
57 90 -66.67839
58 89 -72.013882
59 88 -75.444011
60 87 -78.146631
61 86 -79.041934
62 85 -79.266008
63 84 -77.544399
64 83 -75.35657499999999
65 82 -70.74250900000001
66 81 -64.19603699999999
67 80 -55.757092
68 79 -46.607806
69 78 -35.9744
55 93 -47.29648
56 92 -57.593735
57 91 -62.708735
58 90 -70.39838
59 89 -72.53536
60 88 -77.407809
61 87 -76.86507300000001
62 86 -79.336065
63 85 -76.29937799999999
64 84 -76.26932099999999
65 83 -70.53128
66 82 -67.853216
67 81 -57.991157
68 80 -51.478988
69 79 -38.765027
57 92 -60.219913
58 91 -66.669913
59 90 -71.039365
60 89 -74.37527899999999
61 88 -76.06367900000001
62 87 -77.13509699999999
63 86 -76.440481
64 85 -75.126744
65 84 -71.488858
66 83 -67.69940799999999
67 82 -61.662438
68 81 -53.741614999999996
58 92 -64.846847
59 91 -68.300398
60 90 -73.67908
61 89 -73.59646400000001
62 88 -77.050464
63 87 -74.79182300000001
64 86 -75.763602
65 85 -71.105649
66 84 -69.309428
67 83 -61.945833
68 82 -57.831275999999995
58 93 -61.225051
59 92 -66.779471
60 91 -70.942314
61 90 -73.38538899999999
62 89 -74.575599
63 88 -74.65197500000001
64 87 -74.187955
65 86 -71.622947
66 85 -68.752115
67 84 -63.622582
68 83 -58.266284
69 82 -50.777716999999996
70 81 -41.542305999999996
59 93 -63.758063
60 92 -70.148749
61 91 -71.25353299999999
62 90 -74.761968
63 89 -72.887371
64 88 -74.70629
65 87 -70.71628999999999
66 86 -70.11794400000001
67 85 -63.599035
68 84 -60.493935
69 83 -51.770574
70 82 -46.32068099999999
59 94 -61.568457
60 93 -67.33027
61 92 -70.647592
62 91 -72.55905100000001
63 90 -73.366327
64 89 -72.881928
65 88 -71.31294199999999
66 87 -69.142584
67 86 -65.012292
68 85 -60.47218
69 84 -53.989298000000005
71 82 -38.423145
59 95 -58.194398
60 94 -65.684398
61 93 -68.491327
62 92 -72.454527
63 91 -71.737183
64 90 -73.705338
65 89 -70.155687
66 88 -70.393674
67 87 -64.639317
68 86 -62.604927
69 85 -54.427163
70 84 -49.932125
59 96 -55.415247
60 95 -62.283702
61 94 -66.939908
62 93 -70.19017
63 92 -71.817156
64 91 -72.06925
65 90 -71.249466
66 89 -69.154966
67 88 -66.039153
68 87 -62.208978
69 86 -56.625836
70 85 -50.502686999999995
71 84 -42.550087
60 96 -60.473620000000004
61 95 -64.16362000000001
62 94 -69.362706
63 93 -70.085148
64 92 -72.534282
65 91 -70.090097
66 90 -70.52833500000001
67 89 -65.478335
68 88 -64.210384
69 87 -56.828983
70 86 -53.258449999999996
71 85 -43.749924
72 84 -37.867276
60 97 -56.46152
61 96 -62.297021
62 95 -66.677553
63 94 -69.458297
64 93 -70.822822
65 92 -70.76277800000001
66 91 -69.423633
67 90 -66.83057000000001
68 89 -63.389417
69 88 -58.736174
70 87 -53.425513
71 86 -46.45671
73 84 -29.643708999999998
61 97 -59.089186999999995
62 96 -65.25022
63 95 -67.25516499999999
64 94 -70.68889200000001
65 93 -69.46994000000001
66 92 -70.406159
67 91 -66.18640300000001
68 90 -65.303808
69 89 -58.703194
70 88 -56.010222999999996
71 87 -47.212300000000006
72 86 -42.102511
61 98 -56.554258999999995
62 97 -62.207753
63 96 -66.042861
64 95 -68.560782
65 94 -69.53164
66 93 -69.166263
67 92 -67.328663
68 91 -64.560163
69 90 -60.570397
70 89 -55.838758
71 88 -49.708604
72 87 -42.852758
73 86 -34.444266999999996
62 98 -60.23477
63 97 -63.480441
64 96 -67.940926
65 95 -67.835532
66 94 -69.67142299999999
67 93 -66.381423
68 92 -66.064228
69 91 -60.302028
70 90 -58.164901
71 89 -50.269937
72 88 -45.931271
73 87 -35.874153
74 86 -29.376914
62 99 -56.671937
63 98 -61.791501
64 97 -65.505009
65 96 -67.460822
66 95 -68.05449300000001
67 94 -67.196536
68 93 -65.200295
69 92 -61.898708
70 91 -57.839127999999995
71 90 -52.562343999999996
72 89 -46.315400000000004
73 88 -38.701466
75 86 -20.890661
63 99 -58.69459
64 98 -64.27959
65 97 -65.674649
66 96 -68.18017
67 95 -66.040806
68 94 -66.33321099999999
69 93 -61.476483
70 92 -59.826502
71 91 -52.831753
72 90 -49.169062
73 89 -39.780305
74 88 -34.000330000000005
63 100 -56.638864
64 99 -61.313864
65 98 -64.594769
66 97 -66.379861
67 96 -66.37730599999999
68 95 -65.166577
69 94 -62.727577
70 93 -59.29925
71 92 -54.791409
72 91 -49.263973
73 90 -42.534708
74 89 -34.908351
75 88 -26.007441999999998
65 99 -62.076660000000004
66 98 -65.96666
67 97 -64.980767
68 96 -65.941586
69 95 -61.903724000000004
70 94 -61.017574999999994
71 93 -54.64237
72 92 -51.818224
73 91 -43.2828
74 90 -38.227878
75 89 -27.522973999999998
76 88 -20.472643
66 99 -63.6113
67 98 -64.89827199999999
68 97 -64.52040099999999
69 96 -62.928809
70 95 -60.295381
71 94 -56.442241
72 93 -51.635507
73 92 -45.847601000000004
74 91 -38.861195
75 90 -30.643674
65 101 -57.883483
66 100 -62.583483
67 99 -63.070595000000004
68 98 -64.92556900000001
69 97 -61.887902000000004
70 96 -61.595275
71 95 -56.020981
72 94 -53.858983
73 93 -46.097775
74 92 -41.888158000000004
75 91 -31.893589
76 90 -25.436794000000003
66 101 -59.931039
67 100 -62.281039
68 99 -63.290716
69 98 -62.544053999999996
70 97 -60.590900999999995
71 96 -57.501125
72 95 -53.467756
73 94 -48.351059
74 93 -42.099281000000005
76 91 -26.502151
77 90 -17.077717
66 102 -58.559979
67 101 -60.060709
68 100 -62.990709
69 99 -61.313348
70 98 -61.581438999999996
71 97 -57.067388
72 96 -55.360552000000006
73 95 -48.393908
74 94 -44.892853
75 93 -35.794885
76 92 -29.986887
77 91 -18.716842
78 90 -11.058076999999999
66 103 -55.597587
67 102 -58.797587
68 101 -60.922642
69 100 -61.275641
70 99 -60.377101
71 98 -58.084101000000004
72 97 -54.716889
73 96 -50.29043
74 95 -44.917716
75 94 -38.409165
76 93 -30.722931
77 92 -22.077816
67 103 -56.239093999999994
68 102 -60.109094
69 101 -59.796295
70 100 -60.764729
71 99 -57.307034
72 98 -56.253854
73 97 -50.137665
74 96 -47.290471
75 95 -38.917753
76 94 -33.926451
78 92 -16.30455
67 104 -54.519391000000006
68 103 -57.719391
69 102 -59.211468
70 101 -59.308029000000005
71 100 -57.829979
72 99 -55.431345
73 98 -51.720273
74 97 -47.08609
75 96 -41.25028
76 95 -34.303227
77 94 -26.416935000000002
78 93 -17.469939
79 92 -7.567651
68 104 -56.484065
69 103 -57.374888
70 102 -59.256178999999996
71 101 -56.738135
72 100 -56.402225
73 99 -51.329977
74 98 -49.097186
75 97 -41.526314
76 96 -37.243629
77 95 -27.379369
78 94 -21.09748
79 93 -9.368701999999999
80 92 -1.109439
69 104 -56.25444
70 103 -57.552229
71 102 -56.882585
72 101 -55.411784
73 100 -52.396538
74 99 -48.727383
75 98 -43.553864999999995
76 97 -37.438173
77 96 -30.268305
78 95 -21.943150000000003
79 94 -12.816495999999999
69 105 -53.865547
70 104 -56.945547
71 103 -55.572136
72 102 -55.846659
73 101 -51.740766
74 100 -50.227088
75 99 -43.673096
76 98 -39.995084999999996
77 97 -30.868738
78 96 -25.318446
80 94 -6.646444000000001
69 106 -52.311585
70 105 -54.696585
71 104 -55.167553
72 103 -54.483841
73 102 -52.408646999999995
74 101 -49.632795
75 100 -45.288307
76 99 -40.105182
77 98 -33.394442000000005
78 97 -25.700179
79 96 -17.415478999999998
80 95 -7.972892
69 107 -49.369695
70 106 -53.489695
71 105 -53.384218999999995
72 104 -54.578442
73 103 -51.365374
74 102 -50.641603
75 101 -45.062885
76 100 -42.09794
77 99 -33.859444
78 98 -28.933729
79 97 -18.396604
80 96 -11.773280000000002
81 95 0.5812780000000001
70 107 -50.984778
71 106 -52.385802000000005
72 105 -52.883041
73 104 -51.717040999999995
74 103 -49.701724999999996
75 102 -46.269169999999995
76 101 -41.949247
77 100 -36.047421
78 99 -29.370436
79 98 -21.545047
80 97 -12.782594
81 96 -3.324661
70 108 -49.693858999999996
71 107 -50.339782
72 106 -52.437678
74 104 -50.409378
75 103 -45.653453
76 102 -43.543966
77 101 -36.251884
78 100 -31.997263
79 99 -22.326121999999998
80 98 -16.316264
82 96 3.5687800000000003
71 108 -49.060918
72 107 -50.465351999999996
73 106 -50.359773999999994
74 105 -49.297416
75 104 -46.584824999999995
76 103 -43.019298
77 102 -38.079308
78 101 -32.267927
79 100 -24.988580000000002
80 99 -16.924007000000003
81 98 -8.280333
82 97 2.0503229999999997
71 109 -46.678794
72 108 -49.781794000000005
73 107 -48.936192999999996
74 106 -49.638565
75 105 -45.837359
76 104 -44.36195
77 103 -37.977526
78 102 -34.435511
79 101 -25.594291000000002
80 100 -20.250366999999997
81 99 -9.262288
82 98 -1.929789
71 110 -44.797410000000006
72 109 -47.405277000000005
73 108 -48.441629
74 107 -48.253454
75 106 -46.520978
76 105 -43.549963000000005
77 104 -39.471633000000004
78 103 -34.374375
79 102 -27.871187999999997
80 101 -20.661122
81 100 -12.798746999999999
82 99 -3.1174209999999998
72 110 -46.051959000000004
73 109 -46.433249
74 108 -48.247714
75 107 -45.447714
76 106 -44.609072999999995
77 105 -39.051678
78 104 -36.168213
79 103 -28.300768
80 102 -23.576717000000002
81 101 -13.308106
82 100 -6.825554
71 112 -39.71611
72 111 -43.286112
73 110 -45.296112
74 109 -46.367212
75 108 -45.811212
76 107 -43.664042
77 106 -40.203311
78 105 -35.772347
79 104 -30.189129
80 103 -23.804531
81 102 -16.587263
82 101 -7.571091999999999
72 112 -41.501557
73 111 -42.841557
74 110 -45.707557
75 109 -44.224718
76 108 -44.256643
77 107 -39.610851000000004
78 106 -37.338832000000004
79 105 -30.31871
80 104 -26.348678
81 103 -16.873221
82 102 -11.051523
83 101 1.1874280000000002
72 113 -38.3198
73 112 -41.396446000000005
74 111 -43.389946
75 110 -43.822614
76 109 -42.809843
77 108 -40.335553
78 107 -36.68814
79 106 -31.866811000000002
80 105 -26.175551
81 104 -19.757872
82 103 -11.541207
72 114 -36.42421
73 113 -38.609805
74 112 -42.510805
75 111 -41.930648
76 110 -43.002379
77 109 -39.174769
78 108 -37.864474
79 107 -31.714852
80 106 -28.538859
81 105 -19.886613
82 104 -14.681899999999999
83 103 -3.126391
84 102 4.092277999999999
73 114 -36.900203000000005
74 113 -39.906282
75 112 -41.218543
76 111 -41.22101
77 110 -39.549372000000005
78 109 -36.685050000000004
79 108 -33.027838
80 107 -28.117679
81 106 -22.443092
82 105 -14.986905
83 104 -6.383356
84 103 2.8327240000000002
73 115 -33.61203
74 114 -38.669875999999995
75 113 -39.018876
76 112 -41.139269999999996
77 111 -38.351382
78 110 -37.829006
79 109 -32.276832999999996
80 108 -30.21125
81 107 -22.3364
82 106 -17.814995
83 105 -7.184666
84 104 -0.544393
74 115 -35.617536
75 114 -37.980718
76 113 -38.988462
77 112 -38.456703000000005
78 111 -36.485425000000006
79 110 -33.581953999999996
80 109 -29.626234
81 108 -24.602181
82 107 -17.878164
83 106 -10.064807
84 105 -1.421991
74 116 -34.380894
75 115 -35.634992
76 114 -38.709442
77 113 -36.755621
78 112 -37.325237
79 111 -32.883237
80 110 -31.370169999999998
82 108 -20.416486
83 107 -10.598947
84 106 -4.56379
74 117 -31.176173
75 116 -34.352053999999995
76 115 -36.396860000000004
77 114 -36.710837
78 113 -35.701451999999996
79 112 -33.811138
80 111 -30.592907999999998
81 110 -26.282849
82 109 -20.235776
83 108 -13.239737
84 107 -5.06876
85 106 3.863753
75 117 -31.588825
76 116 -35.883945
77 115 -34.837644999999995
78 114 -36.292173999999996
79 113 -32.775833
80 112 -32.011069
81 111 -25.872246
82 110 -22.565434
83 109 -13.535485000000001
84 108 -8.070533000000001
85 107 2.935796
75 118 -30.235364
76 117 -33.396044
77 116 -34.538319
78 115 -34.48169
79 114 -33.40593
80 113 -31.062849
81 112 -27.477211999999998
82 111 -22.194490000000002
83 110 -15.872832
84 109 -8.359526
85 108 -0.06760899999999999
86 107 9.042924000000001
76 118 -32.437191
77 117 -32.533791
78 116 -34.762564
79 115 -32.213155
80 114 -32.183944
81 113 -26.937491
82 112 -24.207433
84 110 -11.004575999999998
85 109 -0.7115309999999999
86 108 5.7234620000000005
76 119 -29.511593
77 118 -31.694333999999998
78 117 -32.796302000000004
79 116 -32.569478
80 115 -30.999616999999997
81 114 -28.155088
82 113 -23.713115000000002
83 112 -18.025544
84 111 -11.060995
85 110 -3.475827
86 109 5.050256
76 120 -28.278795
77 119 -29.437900000000003
78 118 -32.646917
79 117 -31.13993
80 116 -31.826764999999998
81 115 -27.496591
82 114 -25.360637999999998
83 113 -18.009031
84 112 -13.482535
85 111 -3.912629
86 110 1.97104
77 120 -28.265798
78 119 -30.421954000000003
79 118 -31.140974999999997
80 117 -30.541036
81 116 -28.339875
82 115 -24.748708999999998
83 114 -19.687033
84 113 -13.358068999999999
85 112 -6.344231
86 111 1.476065
78 120 -29.905689
79 119 -29.581995
80 118 -30.954847
81 117 -27.494847
82 116 -26.050089
83 115 -19.369486000000002
84 114 -15.472924
86 112 -1.230357
77 122 -24.400204000000002
78 121 -27.390372
79 120 -29.094952000000003
80 119 -29.54639
81 118 -28.059394
82 117 -25.231676
83 116 -20.797456999999998
84 115 -15.213984
85 114 -8.823433000000001
86 113 -1.499839
87 112 6.761337
78 122 -26.600853
79 121 -27.240185
80 120 -29.503591
81 119 -27.047551
82 118 -26.250532
83 117 -20.370675
84 116 -16.954318
85 115 -8.987971
86 114 -4.014338
87 113 6.134822
78 123 -23.740883
79 122 -26.400883
80 121 -27.662727
81 120 -27.178934
82 119 -25.259399000000002
83 118 -21.41466
84 117 -16.524883999999997
85 116 -10.789358
86 115 -4.072482
87 114 3.601709
78 124 -22.692125
79 123 -24.352978999999998
80 122 -27.345496
81 121 -25.986409
82 120 -25.940221
83 119 -20.740775000000003
84 118 -17.924127000000002
85 117 -10.590805
86 116 -6.274285
88 114 9.091143
79 124 -23.143484
80 123 -25.268789
81 122 -25.760846
82 121 -24.786006
83 120 -21.524237
84 119 -17.31076
85 118 -12.162526
86 117 -6.159279000000001
87 116 0.876284
88 115 8.666876
80 124 -24.690197
81 123 -24.34562
82 122 -25.10937
83 121 -20.645575
84 120 -18.340801
85 119 -11.875432
86 118 -7.982976
87 117 0.60739
88 116 6.047135
80 125 -22.287468
81 124 -23.820348999999997
82 123 -23.769717
83 122 -21.064159
84 121 -17.509207999999997
85 120 -12.970252
86 119 -7.713850000000001
87 118 -1.309812
88 117 5.838832999999999
80 126 -20.9452
81 125 -22.252843000000002
82 124 -23.785062000000003
83 123 -20.027757
84 122 -18.18836
85 121 -12.428986
86 120 -9.115396
87 119 -1.24249
88 118 3.5658090000000002
80 127 -16.487444
81 126 -21.033402
82 125 -22.451523
83 124 -20.054113
84 123 -17.1453
85 122 -13.226905
86 121 -8.634713
87 120 -2.844337
88 119 3.538895
89 118 11.1461
80 128 -13.265406
81 127 -16.749192
82 126 -21.748074
83 125 -18.869711
84 124 -17.469151999999998
85 123 -12.469628
86 122 -9.655227
87 121 -2.665813
88 120 1.714994
89 119 10.759134
90 118 16.674
81 128 -13.637674
82 127 -17.614122
83 126 -18.25815
84 125 -16.365569999999998
85 124 -12.882361000000001
86 123 -8.928825999999999
87 122 -3.7679560000000003
88 121 1.854098
89 120 8.844314
90 119 16.536789000000002
81 129 -9.246048
82 128 -14.727981
83 127 -14.791467
84 126 -15.952695
85 125 -11.971655
86 124 -9.604535
87 123 -3.3325039999999997
88 122 0.460315
89 121 8.789626
90 120 14.059638000000001
81 130 -6.077998
82 129 -10.491299999999999
83 128 -11.858158999999999
84 127 -12.432126
85 126 -11.646829
86 125 -8.755009
87 124 -4.139817
88 123 0.832024
89 122 7.202218
90 121 13.906709999999999
82 130 -7.547241
83 129 -8.117014
84 128 -10.36904
85 127 -8.627788
86 126 -8.659243
87 125 -3.515782
88 124 -0.198673
89 123 7.277921999999999
90 122 12.097868
91 121 21.61345
81 132 1.7838109999999998
82 131 -3.2016430000000002
83 130 -5.230276
84 129 -6.65308
85 128 -6.579162
86 127 -5.697884
87 126 -3.5526799999999996
88 125 0.35793400000000003
89 124 6.156263
90 123 12.118013000000001
91 122 19.663130000000002
82 132 -0.180786
83 131 -1.199832
84 130 -4.469603
85 129 -3.379399
86 128 -4.3193779999999995
87 127 -0.958197
88 126 0.092896
89 125 6.444531
90 124 10.712329
91 123 19.485440999999998
83 132 1.64858
84 131 -0.54013
85 130 -1.2548620000000001
86 129 -1.1681949999999999
87 128 0.31842000000000004
88 127 2.534055
89 126 6.030969
90 125 10.921557
91 124 17.868783
83 133 5.873992
84 132 1.783984
85 131 2.257527
86 130 0.253235
87 129 2.971341
88 128 3.291363
89 127 8.144502000000001
90 126 10.298604
91 125 17.799838
83 134 8.729961999999999
84 133 5.885328
85 132 4.395928
86 131 3.658925
87 130 4.314943
88 129 5.887719
89 128 8.703762000000001
90 127 12.218129000000001
91 126 17.069966
83 135 13.216037
84 134 8.358805
85 133 8.099083
86 132 5.217844
87 131 7.05947
88 130 6.651455
89 129 10.844119000000001
90 128 12.366823
91 127 18.684447
92 126 21.911973000000003
84 135 12.681359
85 134 10.397195
86 133 8.8309
87 132 8.618581
88 131 9.394568
89 130 11.569835999999999
90 129 14.473071
91 128 18.540484
92 127 23.286540000000002
84 136 15.263461
85 135 14.375746999999999
86 134 10.613564
87 133 11.483181
88 132 10.270534
89 131 13.744058
90 130 14.669306
84 137 19.773755
85 136 16.782726999999998
86 135 14.472693
87 134 13.2786
88 133 12.964236000000001
89 132 14.523463
90 131 16.938354
91 130 20.376377
84 138 22.486265
85 137 20.953026
86 136 16.374031000000002
87 135 16.349762000000002
88 134 14.321577
89 133 16.621748
90 132 17.203317
85 138 23.428006
86 137 20.389739000000002
87 136 18.383978
88 135 17.234808
89 134 17.826697
90 133 19.386117
91 132 22.321032
92 131 25.838886
85 139 27.711015
86 138 22.445098
87 137 21.795097000000002
88 136 18.827328
89 135 20.234997
90 134 19.993944
91 133 23.862654
92 132 25.714044
86 139 26.534142
87 138 23.8208
88 137 21.994303
89 136 21.638594
90 135 22.310551
91 134 24.340878
92 133 27.377867
93 132 31.587793
86 140 28.747193
87 139 27.540551999999998
88 138 23.669571
89 137 24.310487000000002
90 136 23.197352
91 135 26.033471000000002
92 134 27.329197
86 141 32.885834
87 140 29.685782
88 139 27.179458
89 138 25.851084999999998
90 137 25.806321
91 136 26.832012
92 135 29.022347
93 134 32.562356
86 142 35.24346499999999
87 141 33.369073
88 140 28.942197
89 139 28.896386
90 138 26.772323
91 137 28.924447
92 136 29.222357
93 135 33.59607
94 134 36.079083
86 143 39.3624
87 142 35.674357
88 141 32.548508
89 140 30.698209
90 139 29.586778
91 138 29.898383000000003
92 137 31.210899
93 136 33.779829
94 135 37.393536
87 143 39.510574999999996
88 142 34.516307
89 141 33.838383
90 140 30.864244
91 139 32.174777999999996
92 138 31.614997
93 137 35.236487000000004
94 136 36.934002
87 144 42.064406000000005
88 143 38.216485999999996
89 142 35.762849
90 141 33.817544000000005
91 140 33.425957000000004
92 139 33.807514000000005
93 138 35.625328
94 137 38.285812
88 144 40.496953999999995
89 143 39.154419000000004
90 142 35.448712
91 141 35.947972
92 140 34.610869
94 138 38.363191
88 145 44.322348
89 144 41.308033
90 143 38.733642999999994
91 142 37.490046
92 141 36.920254
93 140 37.949987
94 139 40.052115
96 137 47.291951999999995
88 146 46.893271
89 145 44.841190000000005
90 144 40.614449
91 143 40.340360999999994
92 142 38.146828
93 141 39.956674
94 140 40.349887
96 138 46.72396
89 146 47.357155
90 145 44.017749
91 144 42.288896
92 143 40.920654
93 142 41.044874
94 141 42.183828999999996
95 140 44.626243
89 147 51.220991999999995
90 146 46.255198
91 145 45.333949999999994
92 144 42.446515
93 143 43.379438
94 142 42.902851999999996
96 140 47.855017999999994
90 147 49.95509199999999
91 146 47.527618000000004
92 145 45.392055
93 144 44.873466
94 143 45.093467
96 141 49.24743
98 139 57.936868000000004
91 147 50.894038
92 146 47.309112
93 145 47.45646300000001
94 144 46.164946
95 143 48.42329
96 142 49.445025
92 147 50.574046
93 146 49.312586
94 145 48.590073
95 144 49.39219
96 143 51.148445
92 148 52.716372
93 147 52.317758000000005
94 146 50.127186
95 145 51.511976000000004
96 144 51.725565
98 142 57.990838000000004
93 148 54.261981
94 147 52.956981
95 146 52.936198
96 145 53.703583
93 149 57.418575
94 148 54.718574999999994
95 147 55.469876
96 146 54.805417999999996
98 144 59.386724
94 149 57.755978000000006
95 148 57.176315
96 147 57.183788
97 146 58.691379999999995
94 150 59.806815
95 149 59.88114100000001
96 148 58.453841
97 147 60.715692000000004
98 146 61.479351
94 151 63.179566
95 150 61.90228
96 149 61.004897
97 148 61.815639000000004
98 147 63.386935
94 152 65.395964
96 150 62.618605
97 149 63.968605000000004
98 148 64.09194000000001
100 146 70.188512
96 151 65.534451
97 150 65.49083
98 149 66.103904
99 148 68.57846799999999
96 152 67.393463
98 150 67.23995699999999
100 148 71.898728
96 153 70.75141
97 152 69.850571
98 151 69.725962
100 149 73.52054
96 154 72.990299
97 153 72.951535
98 152 71.171958
100 150 74.073366
96 155 76.649327
97 154 75.229327
98 153 74.13632700000001
99 152 74.513546
100 151 75.953919
101 150 78.96682399999999
98 154 76.035247
99 153 77.295247
100 152 76.817572
102 150 82.87214200000001
98 155 79.30227599999999
99 154 79.014646
100 153 79.34891800000001
102 151 84.35991899999999
98 156 81.342027
99 155 81.99215099999999
100 154 80.90435099999999
102 152 84.724653
99 156 84.090583
100 155 83.80096300000001
101 154 84.844339
102 153 86.807235
103 152 89.94730100000001
100 156 85.487368
102 154 87.823929
103 153 91.746599
104 152 94.222685
100 157 88.590741
101 156 88.99716099999999
102 155 90.250433
104 153 95.867612
101 157 91.688349
104 154 96.342263
105 154 101.99101700000001
106 154 106.548108
104 157 101.321771
106 155 108.00622800000001
106 156 108.366919
108 156 119.563699
108 157 120.901389
108 158 121.137442
110 159 134.835736
110 160 134.679272
