-15.6 0.15 215.0 -602.0 449.0 35.3 29.0 -162.0 594.0 2223.0 0.68 0.14 2.8
-16.3 0.165 237.0 196.0 -1731.0 35.3 62.0 -61.0 -1141.0 4105.0 0.61 0.14 5.0
-16.2 0.157 239.0 -979.0 -1405.0 27.0 42.0 -11.0 -167.0 3520.0 0.73 0.19 6.2
-15.7 0.163 222.0 80.0 261.0 32.2 74.0 -89.0 -1608.0 -305.0 0.74 0.18 1.2
-15.3 0.151 270.0 887.0 -1494.0 31.1 60.0 4.0 -1908.0 394.0 0.68 0.01 2.0
-16.0 0.15 231.0 -564.0 -396.0 29.3 14.0 -215.0 1214.0 3483.0 0.67 0.18 9.4
-15.7 0.159 214.0 -249.0 -894.0 30.0 79.0 -243.0 -1603.0 463.0 0.73 0.05 9.7
-16.3 0.164 227.0 -304.0 -232.0 31.1 11.0 -310.0 1593.0 -1397.0 0.61 0.0 9.2
-15.4 0.159 240.0 506.0 -2754.0 29.6 43.0 -46.0 -1132.0 -4589.0 0.63 0.04 9.6
-15.2 0.159 214.0 294.0 -999.0 33.2 46.0 14.0 1328.0 -4837.0 0.6 0.1 2.1
-16.2 0.16 254.0 -757.0 1591.0 29.2 26.0 -305.0 -908.0 2366.0 0.63 0.19 2.5
-15.2 0.15 221.0 957.0 2742.0 34.3 34.0 -365.0 1034.0 882.0 0.69 0.1 1.3
-16.8 0.165 246.0 537.0 -1957.0 32.2 60.0 9.0 1722.0 1713.0 0.62 0.12 5.0
-16.8 0.158 204.0 713.0 461.0 32.2 10.0 94.0 1259.0 204.0 0.62 0.06 2.2
-16.2 0.161 243.0 706.0 -2138.0 33.9 27.0 66.0 -21.0 1336.0 0.7 0.13 7.9
-16.7 0.167 235.0 968.0 -623.0 33.5 72.0 -205.0 1939.0 -3241.0 0.63 0.07 9.6
-16.8 0.166 262.0 822.0 640.0 32.2 22.0 -270.0 -1889.0 528.0 0.61 0.0 4.4
-15.2 0.161 191.0 -701.0 2958.0 33.8 62.0 -110.0 777.0 3042.0 0.75 0.15 7.2
-16.1 0.17 266.0 493.0 133.0 31.6 23.0 10.0 -1304.0 -1477.0 0.75 0.13 2.7
-15.2 0.155 196.0 432.0 1018.0 35.1 78.0 -245.0 1195.0 4044.0 0.76 0.15 5.6
-15.6 0.163 193.0 -911.0 -2190.0 35.4 25.0 -286.0 -688.0 430.0 0.63 0.12 1.1
-16.9 0.16 226.0 -307.0 -1564.0 28.9 60.0 73.0 405.0 -2814.0 0.71 0.02 9.0
-15.0 0.155 261.0 992.0 -1137.0 34.3 54.0 -396.0 -183.0 3917.0 0.73 0.19 6.6
-15.1 0.154 213.0 604.0 -2524.0 31.7 55.0 -331.0 -956.0 -980.0 0.76 0.16 7.8
-16.8 0.159 212.0 509.0 1173.0 26.8 63.0 -255.0 -1942.0 130.0 0.73 0.11 8.7
-16.2 0.153 229.0 152.0 -1592.0 29.9 20.0 -218.0 -545.0 -4860.0 0.6 0.18 9.9
-16.6 0.153 242.0 365.0 1934.0 27.4 67.0 -323.0 -1582.0 2414.0 0.66 0.17 7.3
-15.0 0.155 219.0 767.0 2644.0 35.9 28.0 -52.0 1906.0 -2759.0 0.75 0.16 1.3
-16.0 0.154 258.0 -237.0 237.0 30.1 10.0 -391.0 -671.0 -2977.0 0.64 0.17 5.9
-15.3 0.164 223.0 -972.0 1544.0 30.8 80.0 -355.0 984.0 -3889.0 0.64 0.15 8.9
-15.1 0.159 225.0 732.0 140.0 37.4 42.0 -367.0 391.0 1533.0 0.61 0.2 3.3
-16.2 0.164 226.0 152.0 -1985.0 30.3 12.0 -293.0 858.0 776.0 0.63 0.04 6.2
-15.5 0.168 213.0 455.0 1068.0 35.7 64.0 -193.0 -814.0 -4729.0 0.7 0.08 1.3
-16.8 0.161 237.0 279.0 1842.0 36.1 21.0 -344.0 1214.0 -2969.0 0.68 0.13 6.6
-16.4 0.168 215.0 -487.0 -2966.0 31.2 31.0 -109.0 -705.0 3681.0 0.8 0.12 5.1
-17.0 0.16 231.0 -848.0 -2303.0 31.6 66.0 -257.0 -26.0 1439.0 0.67 0.1 8.2
-16.9 0.17 246.0 -743.0 -2268.0 37.3 46.0 -166.0 1005.0 -1596.0 0.69 0.16 9.2
-15.6 0.157 260.0 716.0 2063.0 30.8 79.0 50.0 1231.0 -740.0 0.79 0.14 3.7
-16.5 0.162 230.0 -597.0 -2601.0 30.0 51.0 0.0 -930.0 2844.0 0.62 0.05 4.6
-16.3 0.164 237.0 -31.0 -1534.0 33.3 77.0 37.0 625.0 -4044.0 0.65 0.14 7.2
-16.3 0.16 206.0 -959.0 -837.0 35.7 33.0 -87.0 -924.0 -3105.0 0.72 0.02 6.9
-15.6 0.161 205.0 407.0 -2805.0 35.6 72.0 -247.0 -196.0 -1216.0 0.75 0.13 4.5
-16.0 0.166 190.0 361.0 2678.0 32.1 69.0 -70.0 -1912.0 -3308.0 0.74 0.14 6.7
-15.5 0.155 249.0 961.0 1837.0 34.8 16.0 84.0 -616.0 2076.0 0.79 0.14 8.6
-15.9 0.168 211.0 -886.0 2717.0 37.2 19.0 -247.0 -981.0 -1951.0 0.76 0.15 1.0
-16.1 0.161 261.0 -970.0 266.0 35.5 64.0 -55.0 -1839.0 4170.0 0.76 0.08 4.1
-15.2 0.169 213.0 335.0 532.0 29.1 51.0 176.0 -1808.0 -1294.0 0.79 0.14 9.8
-16.8 0.167 234.0 671.0 -676.0 32.3 33.0 -93.0 -402.0 3474.0 0.74 0.16 6.4
-16.5 0.162 192.0 -632.0 2379.0 36.5 71.0 159.0 252.0 2834.0 0.69 0.18 7.1
-15.6 0.151 224.0 -53.0 -462.0 29.9 74.0 77.0 957.0 -1551.0 0.64 0.09 7.4
-16.2 0.166 242.0 -739.0 -2084.0 35.8 55.0 -173.0 -437.0 -1479.0 0.77 0.08 4.7
-16.9 0.151 215.0 -616.0 991.0 34.9 39.0 -204.0 -1873.0 4862.0 0.61 0.03 4.6
-15.2 0.166 233.0 -42.0 2533.0 26.7 72.0 -395.0 -313.0 1436.0 0.66 0.05 4.3
-15.9 0.16 258.0 279.0 547.0 26.6 12.0 -89.0 -264.0 905.0 0.68 0.05 9.0
-15.3 0.153 208.0 390.0 761.0 26.3 55.0 82.0 1178.0 1577.0 0.78 0.07 8.6
-15.6 0.161 231.0 -805.0 -2642.0 35.6 45.0 -174.0 1857.0 -1691.0 0.78 0.18 8.6
-16.9 0.17 231.0 408.0 2239.0 31.4 59.0 157.0 -206.0 565.0 0.62 0.07 3.5
-15.7 0.156 200.0 -92.0 -1467.0 33.3 29.0 -40.0 -1374.0 3094.0 0.6 0.01 8.1
-15.3 0.161 224.0 6.0 72.0 34.9 60.0 72.0 -1281.0 295.0 0.8 0.2 8.2
-15.0 0.163 264.0 230.0 1937.0 32.6 42.0 -56.0 -1435.0 4633.0 0.6 0.07 2.7
-15.4 0.17 254.0 -572.0 -2746.0 34.6 65.0 -98.0 -854.0 -1123.0 0.71 0.03 4.0
-16.5 0.158 190.0 745.0 -310.0 27.3 10.0 41.0 104.0 3132.0 0.68 0.14 6.4
-16.6 0.157 251.0 447.0 396.0 34.5 62.0 -232.0 -690.0 -1658.0 0.74 0.01 5.7
-16.5 0.167 197.0 -608.0 -1100.0 29.1 45.0 -281.0 1270.0 1278.0 0.68 0.11 9.9
-15.5 0.152 222.0 -440.0 1960.0 34.6 23.0 86.0 -309.0 3103.0 0.72 0.2 9.8
-15.9 0.161 200.0 252.0 -239.0 37.4 48.0 -20.0 -1416.0 3289.0 0.7 0.04 4.6
-17.0 0.157 222.0 -139.0 2910.0 31.1 79.0 -380.0 700.0 -2786.0 0.71 0.11 6.1
-15.1 0.159 239.0 335.0 2756.0 37.6 60.0 -73.0 -1802.0 371.0 0.7 0.05 7.4
-15.9 0.153 269.0 -197.0 1948.0 35.0 18.0 -103.0 17.0 374.0 0.73 0.02 7.6
-16.6 0.17 200.0 -888.0 1085.0 36.3 55.0 -26.0 -634.0 -4797.0 0.74 0.0 9.2
-16.8 0.166 266.0 -389.0 1081.0 33.6 74.0 -219.0 -1904.0 4238.0 0.78 0.03 4.2
-15.1 0.153 199.0 57.0 -810.0 37.2 22.0 -150.0 646.0 -985.0 0.7 0.09 7.1
-16.6 0.161 234.0 35.0 1006.0 33.3 24.0 -285.0 42.0 -4208.0 0.63 0.02 9.5
-15.6 0.155 209.0 -668.0 2030.0 30.5 79.0 -141.0 -415.0 4124.0 0.76 0.15 10.0
-16.1 0.152 210.0 -133.0 -452.0 32.9 79.0 -177.0 1160.0 745.0 0.67 0.19 3.3
-15.6 0.165 223.0 296.0 -2491.0 27.8 28.0 -263.0 1719.0 4686.0 0.69 0.03 9.0
-15.9 0.156 257.0 208.0 2745.0 36.4 15.0 46.0 -638.0 -3242.0 0.69 0.02 2.7
-16.6 0.159 212.0 -299.0 -2826.0 29.3 24.0 100.0 -602.0 2421.0 0.76 0.12 9.8
-16.6 0.151 248.0 -410.0 1999.0 26.6 38.0 90.0 -1209.0 2458.0 0.7 0.1 8.3
-15.5 0.163 262.0 -593.0 -770.0 27.3 19.0 -100.0 -200.0 3985.0 0.8 0.01 1.3
-16.8 0.17 192.0 -728.0 -375.0 33.5 50.0 -48.0 1867.0 -4741.0 0.61 0.03 8.6
-16.4 0.163 194.0 876.0 -1649.0 28.0 14.0 20.0 172.0 647.0 0.73 0.17 5.8
-15.3 0.169 210.0 -684.0 -184.0 33.2 46.0 -196.0 1399.0 4089.0 0.65 0.18 8.7
-15.3 0.159 233.0 602.0 -1480.0 30.5 50.0 24.0 820.0 -1893.0 0.77 0.04 1.8
-15.6 0.165 262.0 309.0 1805.0 37.2 58.0 -396.0 1660.0 2430.0 0.7 0.07 7.7
-16.6 0.165 196.0 335.0 -1958.0 28.4 50.0 -39.0 -785.0 2563.0 0.62 0.19 8.7
-15.6 0.162 211.0 379.0 -656.0 30.5 61.0 5.0 1738.0 -4028.0 0.68 0.2 5.6
-16.3 0.156 239.0 426.0 2081.0 30.9 20.0 -272.0 1742.0 -923.0 0.8 0.0 8.2
-16.7 0.15 259.0 -646.0 -318.0 27.2 57.0 170.0 37.0 677.0 0.7 0.12 5.8
-15.7 0.157 191.0 39.0 -2001.0 28.2 75.0 -38.0 260.0 -4643.0 0.62 0.1 2.7
-15.1 0.168 200.0 -770.0 -305.0 27.6 58.0 -126.0 -1341.0 -4490.0 0.62 0.13 5.6
-15.0 0.161 235.0 -434.0 -353.0 31.6 39.0 -11.0 -1248.0 -1615.0 0.78 0.2 9.4
-16.8 0.165 225.0 -993.0 2323.0 36.0 63.0 -35.0 -1019.0 -2114.0 0.65 0.17 1.9
-16.5 0.151 236.0 653.0 -2811.0 36.6 22.0 -260.0 1825.0 3887.0 0.78 0.1 7.0
-15.8 0.157 247.0 910.0 -361.0 35.3 33.0 -184.0 -1132.0 4727.0 0.71 0.09 3.0
-15.7 0.167 190.0 232.0 -1749.0 36.0 54.0 -229.0 825.0 -4878.0 0.76 0.16 5.0
-16.0 0.165 227.0 730.0 -2160.0 30.8 80.0 31.0 49.0 2068.0 0.69 0.02 8.7
-15.5 0.158 260.0 244.0 -432.0 31.6 73.0 33.0 -1139.0 3897.0 0.76 0.06 6.0
-16.4 0.168 261.0 -172.0 -1474.0 30.4 48.0 -74.0 -811.0 -54.0 0.61 0.03 1.6
-15.6 0.154 239.0 815.0 1426.0 28.5 74.0 157.0 -1807.0 -1859.0 0.62 0.11 1.2
-16.5 0.155 240.0 548.0 188.0 29.3 18.0 -256.0 -1527.0 -2960.0 0.76 0.0 4.2
-16.1 0.154 255.0 -858.0 -1170.0 28.9 79.0 120.0 1599.0 1667.0 0.71 0.07 1.6
-15.4 0.163 194.0 472.0 596.0 31.4 40.0 -334.0 1319.0 -1587.0 0.71 0.08 8.2
-17.0 0.166 269.0 359.0 -921.0 30.3 31.0 -297.0 -1427.0 -220.0 0.79 0.16 8.6
-15.1 0.152 191.0 705.0 351.0 32.9 48.0 -293.0 300.0 988.0 0.64 0.12 9.7
-16.0 0.169 209.0 470.0 1764.0 35.4 56.0 -349.0 150.0 -1393.0 0.64 0.15 5.9
-16.2 0.16 202.0 744.0 -2241.0 37.4 74.0 -131.0 -673.0 2029.0 0.72 0.01 9.4
-15.5 0.161 251.0 896.0 -54.0 26.3 68.0 -391.0 -412.0 -3410.0 0.65 0.0 9.6
-15.5 0.157 270.0 -733.0 1376.0 28.6 24.0 -249.0 342.0 77.0 0.72 0.17 3.6
-17.0 0.153 228.0 -331.0 -317.0 26.7 10.0 -185.0 1939.0 1092.0 0.7 0.09 2.1
-15.7 0.167 263.0 -145.0 -604.0 34.2 50.0 -393.0 -1051.0 -2955.0 0.73 0.2 5.4
-16.0 0.161 196.0 -350.0 -829.0 35.0 33.0 -391.0 1281.0 2804.0 0.7 0.02 3.1
-15.3 0.164 202.0 699.0 -381.0 29.1 80.0 -345.0 -1670.0 4348.0 0.61 0.12 5.1
-15.6 0.157 245.0 -654.0 2615.0 34.0 62.0 -254.0 -1404.0 1138.0 0.62 0.16 10.0
-16.1 0.15 203.0 -735.0 1252.0 36.5 22.0 -77.0 -1522.0 -1671.0 0.75 0.14 9.8
-16.4 0.156 226.0 -642.0 -287.0 36.2 76.0 -327.0 890.0 1572.0 0.67 0.13 5.6
-16.2 0.166 226.0 285.0 2727.0 31.3 53.0 -93.0 -1024.0 3414.0 0.67 0.04 3.1
-16.9 0.163 254.0 8.0 -2235.0 34.3 12.0 -199.0 1097.0 -4312.0 0.79 0.17 9.1
-15.2 0.154 194.0 -709.0 -2758.0 27.4 19.0 -381.0 290.0 -2975.0 0.73 0.07 1.7
-17.0 0.168 235.0 747.0 -2920.0 30.7 74.0 -253.0 -1085.0 3572.0 0.8 0.04 2.0
-16.0 0.169 200.0 -418.0 -2442.0 35.8 12.0 -290.0 -21.0 -4521.0 0.67 0.16 9.8
-15.1 0.167 228.0 297.0 565.0 31.9 73.0 -349.0 -765.0 -1554.0 0.74 0.01 3.1
-16.6 0.157 197.0 -625.0 174.0 32.2 76.0 -225.0 -1397.0 -1607.0 0.66 0.13 1.4
-16.8 0.15 270.0 -522.0 2932.0 35.6 66.0 -244.0 577.0 4682.0 0.64 0.15 5.5
-15.6 0.167 259.0 -336.0 -1471.0 31.7 12.0 -255.0 42.0 3025.0 0.75 0.2 3.8
-16.1 0.151 242.0 -586.0 -2161.0 30.5 71.0 -208.0 1120.0 2687.0 0.6 0.04 2.9
-15.6 0.167 236.0 525.0 -194.0 34.2 32.0 7.0 262.0 1242.0 0.61 0.17 1.5
-15.7 0.153 211.0 -481.0 2143.0 35.8 22.0 -120.0 1324.0 606.0 0.67 0.01 6.2
-16.6 0.154 225.0 150.0 -993.0 27.7 41.0 -360.0 207.0 817.0 0.78 0.04 6.3
-15.6 0.165 219.0 490.0 -9.0 26.1 48.0 -120.0 -191.0 -2738.0 0.63 0.04 6.4
-15.4 0.152 226.0 -820.0 1922.0 29.3 79.0 159.0 1515.0 3668.0 0.64 0.13 9.5
-15.5 0.15 214.0 140.0 895.0 30.5 46.0 33.0 66.0 -3102.0 0.6 0.14 4.3
-17.0 0.161 212.0 -648.0 -1039.0 30.4 31.0 184.0 733.0 -4879.0 0.73 0.2 4.4
-16.5 0.154 198.0 -218.0 -427.0 30.6 78.0 189.0 1369.0 3370.0 0.61 0.04 1.8
-16.1 0.15 204.0 831.0 -2846.0 31.6 67.0 -251.0 -819.0 1600.0 0.64 0.13 3.0
-15.6 0.156 195.0 -246.0 1192.0 27.2 23.0 197.0 1018.0 1289.0 0.72 0.04 9.4
-15.4 0.162 224.0 367.0 2274.0 36.8 23.0 60.0 1995.0 -2517.0 0.79 0.01 7.5
-16.9 0.164 259.0 565.0 1031.0 37.5 52.0 -25.0 -898.0 970.0 0.8 0.14 7.1
-16.2 0.159 221.0 927.0 312.0 35.1 18.0 -86.0 -479.0 233.0 0.75 0.05 9.6
-15.0 0.167 200.0 213.0 -1763.0 33.6 17.0 -43.0 -1171.0 2221.0 0.65 0.15 8.2
-15.7 0.155 255.0 147.0 -2100.0 32.5 78.0 -110.0 -125.0 4774.0 0.62 0.18 2.7
-16.6 0.163 250.0 -507.0 -1572.0 30.8 33.0 -254.0 -35.0 3156.0 0.73 0.03 3.4
-15.3 0.166 193.0 525.0 -1827.0 27.8 44.0 197.0 -1771.0 -1778.0 0.78 0.12 1.3
-15.9 0.15 261.0 -673.0 -1416.0 31.4 54.0 -101.0 -219.0 -1551.0 0.63 0.09 2.8
-17.0 0.151 199.0 -348.0 2788.0 29.9 73.0 -1.0 -431.0 233.0 0.75 0.09 1.6
-15.6 0.165 262.0 -853.0 -1946.0 33.0 59.0 -166.0 -54.0 -2811.0 0.76 0.12 1.2
-15.2 0.153 265.0 -384.0 247.0 29.0 60.0 -244.0 485.0 3539.0 0.63 0.04 5.9
-16.4 0.164 236.0 333.0 2736.0 35.9 20.0 -330.0 -1362.0 -358.0 0.66 0.12 4.6
-16.2 0.156 199.0 -304.0 -2250.0 33.2 26.0 197.0 -1188.0 1694.0 0.62 0.17 1.6
-17.0 0.15 255.0 -712.0 -1057.0 28.0 73.0 139.0 611.0 2653.0 0.61 0.06 7.4
-15.2 0.158 229.0 -560.0 2044.0 33.7 22.0 -341.0 1394.0 -3780.0 0.74 0.18 3.7
-15.0 0.156 202.0 845.0 -789.0 35.7 41.0 23.0 -1776.0 4264.0 0.64 0.05 6.0
-16.5 0.159 212.0 -517.0 2649.0 31.5 48.0 -91.0 -528.0 -2349.0 0.76 0.13 4.4
-15.8 0.152 266.0 -501.0 1008.0 31.4 58.0 -90.0 -1238.0 277.0 0.71 0.08 5.1
-16.7 0.164 265.0 982.0 -1277.0 26.8 79.0 -369.0 803.0 -4032.0 0.73 0.02 7.3
-16.9 0.164 243.0 607.0 -1435.0 28.3 48.0 -117.0 1865.0 4306.0 0.7 0.11 9.5
-15.8 0.16 206.0 389.0 -2015.0 35.4 55.0 136.0 -1133.0 1512.0 0.62 0.1 3.5
-15.4 0.156 219.0 -672.0 -1059.0 37.8 38.0 -268.0 1039.0 4344.0 0.74 0.02 7.6
-15.3 0.161 223.0 517.0 -1289.0 34.3 22.0 -231.0 -1058.0 4046.0 0.61 0.16 6.9
-15.4 0.16 258.0 -614.0 -859.0 36.6 24.0 146.0 1213.0 -4281.0 0.79 0.09 5.3
-16.7 0.159 190.0 594.0 2526.0 37.8 51.0 -211.0 -223.0 -4475.0 0.73 0.11 3.0
-15.7 0.166 244.0 -584.0 -2051.0 27.5 60.0 -399.0 927.0 1253.0 0.73 0.06 1.1
-15.7 0.156 229.0 -820.0 1542.0 34.8 10.0 141.0 -1533.0 -4693.0 0.6 0.19 8.4
-15.7 0.166 266.0 77.0 1241.0 33.8 64.0 -159.0 1377.0 -58.0 0.75 0.17 7.4
-16.1 0.153 242.0 713.0 1496.0 26.9 38.0 -258.0 -1622.0 -3413.0 0.74 0.14 6.4
-16.8 0.162 227.0 -784.0 -2792.0 33.1 66.0 -81.0 -345.0 3937.0 0.62 0.07 6.6
-16.3 0.168 192.0 331.0 2027.0 26.9 27.0 -24.0 307.0 78.0 0.75 0.15 4.6
-15.6 0.152 263.0 493.0 -852.0 28.8 65.0 -69.0 458.0 2203.0 0.73 0.15 3.1
-16.9 0.17 220.0 -83.0 2536.0 32.5 32.0 138.0 -589.0 1407.0 0.76 0.15 9.6
-16.4 0.157 202.0 -645.0 -1135.0 34.6 79.0 -385.0 992.0 -2644.0 0.66 0.11 7.4
-16.3 0.162 263.0 -836.0 2798.0 33.2 23.0 -371.0 199.0 875.0 0.75 0.18 8.0
-15.5 0.164 258.0 -1.0 -680.0 35.3 52.0 72.0 -841.0 2178.0 0.69 0.02 8.4
-17.0 0.167 222.0 -254.0 2844.0 32.0 54.0 -145.0 212.0 -4126.0 0.75 0.19 6.0
-15.7 0.155 190.0 629.0 -1719.0 29.4 16.0 -162.0 1017.0 1635.0 0.73 0.2 9.6
-16.6 0.156 257.0 877.0 -1769.0 27.6 48.0 -328.0 1325.0 -482.0 0.65 0.0 8.0
-16.1 0.161 227.0 -456.0 1416.0 37.7 26.0 -148.0 1405.0 2940.0 0.6 0.07 2.6
-15.5 0.154 268.0 -634.0 -2041.0 31.6 28.0 -278.0 -1106.0 4944.0 0.69 0.13 3.3
-16.4 0.168 263.0 -441.0 2790.0 30.4 48.0 -288.0 -1505.0 -4424.0 0.73 0.14 7.6
-16.0 0.163 238.0 -626.0 -1845.0 29.0 40.0 4.0 587.0 -4806.0 0.66 0.11 4.9
-16.7 0.169 264.0 388.0 -1515.0 31.7 71.0 -9.0 1093.0 3113.0 0.72 0.07 1.0
-16.0 0.153 267.0 275.0 -1455.0 27.2 57.0 47.0 -1519.0 -4546.0 0.64 0.13 6.9
-15.4 0.16 224.0 322.0 -289.0 37.9 15.0 63.0 764.0 4888.0 0.79 0.16 6.3
-15.8 0.159 250.0 411.0 -2961.0 33.2 42.0 -328.0 -73.0 -1089.0 0.62 0.0 5.4
-15.3 0.169 263.0 -472.0 2182.0 33.3 18.0 -354.0 -939.0 2633.0 0.66 0.19 6.6
-15.0 0.158 260.0 -555.0 -436.0 26.1 78.0 -45.0 1905.0 -3453.0 0.61 0.14 3.6
-16.1 0.151 250.0 -895.0 2857.0 37.6 68.0 108.0 985.0 -3978.0 0.69 0.18 2.3
-15.6 0.163 199.0 545.0 734.0 33.3 55.0 -150.0 -1201.0 -3868.0 0.8 0.04 1.4
-16.2 0.168 210.0 -590.0 2574.0 27.2 44.0 123.0 -986.0 3455.0 0.74 0.18 6.0
-15.5 0.161 203.0 879.0 2148.0 36.2 52.0 -15.0 871.0 -3792.0 0.63 0.06 8.2
-16.6 0.156 257.0 -252.0 -286.0 36.9 72.0 -144.0 -889.0 -1026.0 0.78 0.16 6.6
-15.4 0.17 190.0 -533.0 -493.0 36.6 70.0 -168.0 609.0 4162.0 0.69 0.17 8.0
-15.8 0.168 261.0 -738.0 -1921.0 36.1 54.0 197.0 1663.0 4640.0 0.74 0.14 9.7
-16.2 0.152 204.0 -61.0 -340.0 34.0 69.0 -346.0 -437.0 4499.0 0.71 0.15 3.6
-15.3 0.169 242.0 646.0 119.0 26.5 59.0 6.0 -773.0 -1344.0 0.65 0.14 4.2
-15.7 0.168 195.0 -101.0 1433.0 26.7 78.0 34.0 -1697.0 -3829.0 0.6 0.01 7.5
-15.4 0.151 244.0 -243.0 1644.0 28.8 49.0 -291.0 -1493.0 2728.0 0.8 0.15 1.4
-15.1 0.156 226.0 -497.0 -209.0 33.8 28.0 -132.0 1633.0 -755.0 0.65 0.14 5.5
-15.1 0.151 218.0 775.0 952.0 33.1 44.0 -224.0 1005.0 -4969.0 0.6 0.16 3.3
-16.0 0.152 267.0 -824.0 80.0 28.3 24.0 -191.0 511.0 -2595.0 0.76 0.15 7.4
-15.4 0.15 192.0 87.0 -588.0 35.9 66.0 -230.0 -1549.0 -4390.0 0.75 0.2 4.6
-16.8 0.15 244.0 -880.0 352.0 31.5 61.0 -223.0 -1791.0 24.0 0.78 0.08 2.2
-16.1 0.164 258.0 -518.0 -338.0 37.4 23.0 -220.0 -854.0 1011.0 0.79 0.13 4.1
-16.2 0.154 246.0 -686.0 1400.0 30.1 37.0 -201.0 1789.0 -94.0 0.65 0.08 7.7
-15.4 0.156 213.0 -872.0 1696.0 37.1 17.0 16.0 -378.0 -4395.0 0.62 0.16 9.7
-17.0 0.153 233.0 579.0 -452.0 30.0 39.0 -199.0 987.0 -3763.0 0.64 0.06 4.1
-15.2 0.152 225.0 -575.0 1793.0 32.5 23.0 194.0 -1828.0 -3926.0 0.78 0.12 4.9
-15.5 0.153 233.0 -535.0 -2943.0 29.5 58.0 -294.0 1255.0 -2813.0 0.7 0.02 3.5
-16.5 0.154 235.0 253.0 1739.0 31.3 58.0 -260.0 1680.0 -1381.0 0.71 0.07 9.8
-16.1 0.16 198.0 848.0 422.0 31.0 31.0 -10.0 -1461.0 -4813.0 0.62 0.18 2.5
-16.9 0.165 267.0 -614.0 -1282.0 28.0 45.0 139.0 -1919.0 4864.0 0.62 0.1 5.3
-15.7 0.153 220.0 924.0 -693.0 37.1 49.0 47.0 1462.0 2865.0 0.67 0.18 7.3
-15.1 0.158 223.0 759.0 1209.0 37.6 22.0 121.0 -699.0 -3376.0 0.8 0.11 9.3
-16.7 0.157 231.0 225.0 -1705.0 35.8 67.0 -129.0 1292.0 2151.0 0.68 0.1 6.8
-16.3 0.157 238.0 -183.0 -1273.0 35.4 43.0 -52.0 1680.0 1572.0 0.62 0.18 9.2
-16.6 0.156 209.0 -380.0 2546.0 36.8 11.0 -171.0 1395.0 -473.0 0.67 0.02 1.0
-16.1 0.166 217.0 -4.0 785.0 35.7 61.0 -64.0 -56.0 -2895.0 0.69 0.05 6.6
-16.6 0.164 269.0 935.0 797.0 29.0 61.0 20.0 976.0 303.0 0.8 0.01 8.9
-15.2 0.161 233.0 249.0 1847.0 31.8 65.0 187.0 -1629.0 3779.0 0.67 0.16 5.2
-16.6 0.161 264.0 390.0 -1598.0 37.9 21.0 -250.0 -1043.0 -1300.0 0.67 0.13 7.8
-16.3 0.166 210.0 -223.0 121.0 27.8 76.0 -187.0 1369.0 3628.0 0.74 0.0 5.1
-16.4 0.159 238.0 999.0 2128.0 32.0 66.0 -202.0 -206.0 2650.0 0.61 0.03 3.8
-16.2 0.165 212.0 811.0 -718.0 35.6 26.0 -122.0 1167.0 3474.0 0.61 0.2 3.8
-16.0 0.164 196.0 676.0 1924.0 27.4 30.0 -322.0 -1468.0 -1069.0 0.61 0.1 1.6
-15.7 0.163 267.0 755.0 1936.0 37.7 28.0 -274.0 563.0 3580.0 0.8 0.0 3.2
-16.8 0.159 204.0 -894.0 419.0 35.4 12.0 -126.0 -726.0 3040.0 0.7 0.19 9.7
-15.4 0.158 250.0 -615.0 -2288.0 28.1 53.0 31.0 -252.0 3805.0 0.6 0.09 9.1
-16.7 0.154 222.0 913.0 1325.0 34.3 53.0 30.0 -125.0 -1210.0 0.6 0.0 5.1
-15.0 0.159 262.0 -862.0 -2235.0 38.0 31.0 198.0 721.0 782.0 0.69 0.02 2.6
-16.1 0.155 226.0 769.0 2171.0 30.2 33.0 -323.0 -1146.0 -2363.0 0.66 0.17 8.7
-16.7 0.166 235.0 378.0 296.0 31.5 43.0 127.0 -1369.0 3557.0 0.6 0.17 8.1
-15.1 0.165 215.0 -533.0 2996.0 27.0 76.0 -316.0 -759.0 -769.0 0.65 0.01 6.1
-16.6 0.156 269.0 33.0 1563.0 27.7 52.0 -197.0 -1304.0 -758.0 0.63 0.16 5.1
-15.7 0.17 233.0 424.0 1630.0 32.2 44.0 97.0 -818.0 829.0 0.77 0.0 5.6
-15.2 0.151 223.0 -828.0 30.0 38.0 38.0 -253.0 -948.0 2345.0 0.68 0.15 7.1
-15.5 0.157 257.0 313.0 2405.0 28.3 31.0 170.0 -7.0 2547.0 0.65 0.17 1.3
-16.1 0.169 241.0 6.0 2042.0 29.0 73.0 -137.0 -1165.0 602.0 0.77 0.04 3.3
-16.9 0.161 220.0 -883.0 2910.0 36.3 39.0 55.0 -1282.0 -4321.0 0.62 0.16 7.6
-15.0 0.153 251.0 -106.0 -2767.0 32.5 78.0 -330.0 -1645.0 -2887.0 0.8 0.08 4.8
-16.3 0.165 229.0 613.0 -1884.0 30.8 61.0 69.0 1931.0 -2502.0 0.68 0.15 6.0
-16.1 0.166 233.0 634.0 2304.0 33.2 36.0 -290.0 933.0 99.0 0.66 0.14 8.1
-16.4 0.17 269.0 725.0 2888.0 34.2 76.0 -90.0 30.0 -3407.0 0.62 0.11 2.1
-16.0 0.17 214.0 423.0 1462.0 37.6 30.0 -382.0 -1926.0 -466.0 0.61 0.06 4.8
-16.8 0.166 227.0 -947.0 -1559.0 33.9 41.0 -364.0 -172.0 -3456.0 0.67 0.11 5.5
-15.2 0.152 221.0 68.0 711.0 36.1 30.0 -35.0 1743.0 3261.0 0.8 0.17 9.9
-15.4 0.159 236.0 -917.0 -1032.0 30.3 53.0 60.0 -1302.0 413.0 0.72 0.03 3.0
-16.3 0.16 204.0 201.0 -1419.0 30.4 35.0 -289.0 -1090.0 -1682.0 0.62 0.01 7.8
-16.2 0.15 251.0 -109.0 -2920.0 34.5 52.0 -294.0 1284.0 -4039.0 0.64 0.02 3.0
-16.8 0.155 241.0 -335.0 -2258.0 37.7 41.0 -191.0 -125.0 72.0 0.8 0.12 6.6
-15.7 0.157 193.0 -636.0 1361.0 27.7 26.0 186.0 1186.0 -2350.0 0.68 0.09 8.4
-15.5 0.17 240.0 -258.0 1324.0 28.9 18.0 199.0 -926.0 -3827.0 0.61 0.14 4.2
-15.4 0.168 217.0 152.0 439.0 36.0 15.0 -250.0 -344.0 3466.0 0.7 0.2 7.7
-15.3 0.163 216.0 55.0 -1766.0 31.2 67.0 -366.0 -1670.0 -2665.0 0.72 0.2 6.0
-15.6 0.166 194.0 -99.0 -1648.0 31.6 77.0 -194.0 1085.0 2449.0 0.74 0.0 1.4
-16.3 0.156 240.0 -127.0 -1674.0 29.1 66.0 -210.0 -109.0 -228.0 0.7 0.04 1.0
-15.2 0.158 192.0 369.0 -343.0 26.7 29.0 -91.0 1491.0 4234.0 0.7 0.08 8.7
-15.0 0.154 218.0 95.0 -146.0 30.9 24.0 1.0 -388.0 1719.0 0.62 0.09 1.2
-16.3 0.158 261.0 -319.0 1832.0 28.0 15.0 125.0 789.0 4797.0 0.76 0.12 6.0
-15.4 0.162 229.0 456.0 -2419.0 29.5 64.0 -395.0 802.0 -2304.0 0.78 0.14 8.0
-15.2 0.16 251.0 713.0 -2256.0 36.0 35.0 -232.0 807.0 -4487.0 0.63 0.19 1.5
-15.6 0.157 193.0 401.0 1274.0 27.3 62.0 -281.0 -1392.0 -294.0 0.72 0.07 4.6
-15.0 0.153 205.0 -930.0 1070.0 35.2 47.0 -184.0 740.0 3289.0 0.73 0.07 1.2
-16.3 0.17 198.0 -564.0 73.0 27.1 79.0 89.0 899.0 -4587.0 0.7 0.0 4.2
-15.9 0.158 249.0 -72.0 778.0 36.5 42.0 45.0 -309.0 42.0 0.68 0.07 8.0
-15.8 0.155 219.0 664.0 -2781.0 27.6 36.0 87.0 489.0 -3803.0 0.71 0.03 4.9
-15.4 0.162 235.0 -456.0 2255.0 36.2 34.0 96.0 145.0 -3395.0 0.61 0.13 6.0
-15.3 0.16 230.0 907.0 578.0 36.3 31.0 136.0 1534.0 -2831.0 0.75 0.2 1.7
-15.7 0.159 200.0 -703.0 91.0 31.9 55.0 -273.0 -675.0 631.0 0.79 0.09 6.0
-16.7 0.15 248.0 -9.0 -1618.0 31.2 35.0 -82.0 -1215.0 4893.0 0.63 0.05 8.8
-16.0 0.161 233.0 824.0 -1252.0 34.9 23.0 117.0 -1432.0 -1491.0 0.69 0.19 2.0
-15.4 0.157 270.0 554.0 -500.0 36.7 37.0 -252.0 1342.0 -4570.0 0.71 0.18 5.6
-15.6 0.162 268.0 24.0 2601.0 32.5 39.0 184.0 1472.0 1507.0 0.62 0.04 7.2
-15.5 0.156 221.0 634.0 566.0 26.0 12.0 0.0 -1084.0 -4688.0 0.73 0.04 3.7
-16.8 0.156 190.0 -246.0 1733.0 35.2 43.0 100.0 1563.0 -239.0 0.78 0.19 6.5
-16.0 0.151 246.0 -140.0 -1280.0 31.2 30.0 -389.0 -1258.0 1037.0 0.79 0.13 4.6
-16.9 0.167 194.0 -634.0 2275.0 37.0 53.0 89.0 -1798.0 1352.0 0.68 0.17 10.0
-16.8 0.166 219.0 -959.0 -3.0 30.5 33.0 150.0 -213.0 -2905.0 0.77 0.08 8.7
-16.5 0.153 263.0 818.0 2664.0 33.3 13.0 -298.0 -1703.0 -1380.0 0.65 0.15 2.5
-15.3 0.165 258.0 -358.0 1841.0 33.8 14.0 -303.0 1333.0 -4097.0 0.8 0.09 5.1
-15.2 0.161 222.0 250.0 -1859.0 33.6 28.0 74.0 479.0 -3904.0 0.75 0.08 2.1
-15.0 0.151 204.0 -393.0 2829.0 36.8 73.0 68.0 387.0 -4322.0 0.65 0.01 3.5
-15.8 0.16 243.0 -309.0 628.0 35.2 10.0 -222.0 -1543.0 -1473.0 0.63 0.19 3.3
-16.6 0.155 265.0 60.0 471.0 26.4 24.0 -4.0 -934.0 -4112.0 0.65 0.14 3.7
-16.8 0.152 200.0 547.0 -1364.0 34.1 65.0 -196.0 -723.0 -3192.0 0.6 0.01 7.5
-15.2 0.15 214.0 -582.0 1429.0 28.3 37.0 -332.0 96.0 -970.0 0.72 0.0 5.7
-15.7 0.169 194.0 331.0 -2736.0 29.6 20.0 -201.0 -840.0 634.0 0.79 0.01 8.2
-17.0 0.155 241.0 -321.0 605.0 33.4 13.0 139.0 -931.0 -1024.0 0.79 0.14 2.3
-15.0 0.154 258.0 -64.0 2001.0 29.3 79.0 58.0 1773.0 849.0 0.71 0.05 3.5
-16.5 0.165 227.0 -833.0 949.0 28.9 38.0 -231.0 1811.0 -1893.0 0.69 0.02 3.5
-16.3 0.166 242.0 682.0 1185.0 26.5 67.0 -122.0 1304.0 -4919.0 0.63 0.03 5.0
-16.1 0.163 199.0 891.0 1900.0 34.5 75.0 -196.0 187.0 -4610.0 0.69 0.04 6.3
-15.1 0.153 207.0 600.0 -1552.0 35.3 10.0 -169.0 614.0 -1247.0 0.68 0.01 4.3
-16.4 0.161 213.0 -905.0 2811.0 34.9 58.0 -46.0 1773.0 479.0 0.62 0.08 9.1
-15.8 0.155 268.0 -758.0 -733.0 33.5 76.0 -296.0 195.0 4041.0 0.62 0.0 5.5
-15.8 0.17 202.0 -359.0 1856.0 34.8 26.0 -129.0 -315.0 -3966.0 0.6 0.08 6.0
-15.3 0.154 220.0 923.0 2924.0 29.6 72.0 102.0 629.0 3263.0 0.76 0.14 8.2
-15.9 0.15 268.0 -164.0 2489.0 27.2 52.0 -108.0 1934.0 313.0 0.63 0.02 3.6
-16.7 0.158 254.0 -669.0 709.0 37.4 53.0 -237.0 772.0 -3705.0 0.76 0.17 3.6
-15.8 0.15 221.0 -548.0 848.0 32.0 60.0 -190.0 1864.0 -475.0 0.62 0.2 3.0
-16.8 0.156 231.0 -527.0 -1104.0 35.7 63.0 30.0 1512.0 1876.0 0.64 0.03 9.3
-15.5 0.159 258.0 -442.0 1899.0 29.0 62.0 -286.0 -398.0 -434.0 0.79 0.1 2.4
-15.7 0.163 202.0 105.0 1806.0 35.4 70.0 -218.0 600.0 -2759.0 0.65 0.18 5.7
-15.4 0.153 240.0 -775.0 -407.0 31.9 31.0 -101.0 -800.0 4930.0 0.76 0.03 6.1
-15.7 0.17 219.0 -304.0 1548.0 27.8 80.0 -78.0 1528.0 -4149.0 0.79 0.2 2.3
-16.3 0.151 247.0 819.0 -1860.0 31.4 47.0 175.0 673.0 -4463.0 0.79 0.14 4.3
-15.7 0.151 211.0 -723.0 -72.0 32.9 25.0 179.0 -1362.0 -4305.0 0.72 0.15 8.2
-15.2 0.154 253.0 103.0 -1011.0 37.3 78.0 -74.0 -297.0 4472.0 0.74 0.14 9.5
-15.1 0.168 209.0 277.0 -1509.0 31.1 55.0 91.0 564.0 -1294.0 0.65 0.11 6.2
-15.4 0.15 229.0 762.0 -2412.0 33.3 52.0 42.0 -1148.0 3862.0 0.76 0.11 9.7
-16.8 0.168 233.0 -586.0 -2824.0 34.7 48.0 -218.0 7.0 -1508.0 0.79 0.02 2.2
-16.6 0.168 215.0 352.0 -258.0 29.7 54.0 103.0 1263.0 -921.0 0.63 0.12 2.5
-16.0 0.168 267.0 932.0 -362.0 36.2 22.0 94.0 1124.0 -803.0 0.73 0.08 4.8
-16.0 0.167 253.0 -418.0 300.0 32.7 41.0 -327.0 219.0 3097.0 0.8 0.12 9.9
-16.2 0.151 230.0 332.0 1134.0 33.4 55.0 196.0 601.0 -228.0 0.74 0.04 3.5
-16.3 0.17 231.0 134.0 2232.0 37.7 71.0 -85.0 833.0 -1484.0 0.65 0.07 7.9
-15.1 0.156 204.0 -507.0 822.0 26.7 20.0 -84.0 -1892.0 186.0 0.61 0.06 2.9
-15.9 0.165 258.0 -37.0 1797.0 36.7 64.0 -303.0 -955.0 2068.0 0.65 0.13 8.8
-16.4 0.164 240.0 -46.0 1642.0 29.7 14.0 -173.0 1032.0 4706.0 0.69 0.18 9.0
-15.4 0.162 193.0 469.0 2096.0 26.4 38.0 -248.0 -63.0 295.0 0.72 0.13 5.5
-15.1 0.16 191.0 483.0 -846.0 29.4 42.0 -41.0 650.0 -4431.0 0.72 0.06 7.0
-15.8 0.157 240.0 336.0 2850.0 35.2 11.0 94.0 -1225.0 695.0 0.69 0.04 3.6
-15.2 0.151 202.0 672.0 -755.0 36.9 24.0 156.0 -381.0 2721.0 0.66 0.05 2.8
-15.0 0.17 202.0 -683.0 2271.0 31.8 62.0 48.0 942.0 4316.0 0.72 0.08 9.5
-15.4 0.164 205.0 -945.0 -2736.0 30.9 75.0 -21.0 527.0 -1693.0 0.74 0.12 9.5
-15.0 0.155 227.0 258.0 -359.0 33.2 73.0 40.0 -1122.0 1469.0 0.72 0.15 2.4
-15.4 0.169 213.0 -348.0 -1680.0 32.2 76.0 135.0 -511.0 -4749.0 0.7 0.05 4.0
-16.1 0.151 216.0 -779.0 -2262.0 28.6 38.0 -373.0 -865.0 -4615.0 0.77 0.03 9.3
-15.8 0.154 259.0 71.0 825.0 37.8 61.0 -187.0 -1159.0 -3611.0 0.74 0.2 2.7
-16.0 0.166 250.0 -60.0 1082.0 36.6 71.0 -36.0 -127.0 -3061.0 0.65 0.09 1.4
-15.6 0.162 240.0 -317.0 -1069.0 37.6 50.0 -206.0 300.0 -4138.0 0.78 0.2 6.7
-16.4 0.156 268.0 -761.0 -162.0 36.3 34.0 83.0 498.0 -4519.0 0.61 0.1 2.1
-15.9 0.165 221.0 980.0 -1321.0 32.4 41.0 109.0 -386.0 3256.0 0.79 0.16 7.4
-15.7 0.161 266.0 -462.0 587.0 28.3 21.0 -381.0 1998.0 566.0 0.72 0.01 5.2
-15.5 0.155 210.0 656.0 2509.0 37.4 77.0 -66.0 1668.0 -4562.0 0.61 0.09 5.0
-16.3 0.15 225.0 178.0 2276.0 32.6 44.0 -381.0 -927.0 -1632.0 0.8 0.1 7.4
-16.4 0.17 197.0 -613.0 -2421.0 31.1 19.0 -254.0 -1387.0 -1541.0 0.62 0.09 6.5
-15.4 0.169 191.0 -968.0 -943.0 30.1 47.0 10.0 391.0 2949.0 0.73 0.18 6.9
-17.0 0.157 221.0 -224.0 -2914.0 36.4 27.0 -108.0 -1127.0 2744.0 0.73 0.04 7.3
-15.8 0.154 246.0 666.0 -2220.0 26.4 34.0 -370.0 -1537.0 1829.0 0.75 0.11 2.2
-15.3 0.159 213.0 404.0 68.0 36.9 75.0 -336.0 -1411.0 4302.0 0.74 0.13 1.4
-15.6 0.162 203.0 -975.0 515.0 27.9 62.0 -82.0 1167.0 -3062.0 0.8 0.14 3.3
-15.9 0.162 191.0 -440.0 -277.0 29.8 54.0 83.0 1360.0 6.0 0.75 0.03 7.3
-16.6 0.154 264.0 -958.0 -1529.0 35.3 67.0 75.0 -66.0 2921.0 0.72 0.14 4.8
-16.6 0.15 208.0 689.0 -2342.0 35.4 46.0 -270.0 1210.0 -3107.0 0.6 0.04 2.1
-16.5 0.163 218.0 359.0 2325.0 37.7 44.0 -195.0 459.0 -4029.0 0.79 0.0 2.1
-15.5 0.158 263.0 -172.0 -614.0 35.6 28.0 -213.0 -988.0 -1072.0 0.66 0.09 6.1
-15.1 0.15 201.0 -996.0 -2900.0 35.9 42.0 -125.0 -1421.0 1934.0 0.69 0.03 2.5
-15.4 0.17 266.0 484.0 -2836.0 37.5 20.0 46.0 -1051.0 1518.0 0.61 0.15 9.6
-15.8 0.168 208.0 -723.0 2757.0 37.4 78.0 -27.0 -1352.0 -799.0 0.76 0.09 7.8
-15.2 0.162 216.0 289.0 -24.0 27.2 65.0 -22.0 1273.0 1478.0 0.71 0.14 5.1
-15.1 0.15 244.0 834.0 1683.0 32.3 64.0 164.0 -516.0 3360.0 0.72 0.1 6.2
-16.5 0.158 226.0 -21.0 1869.0 38.0 16.0 -84.0 -797.0 3537.0 0.76 0.04 5.1
-15.8 0.168 218.0 956.0 267.0 27.9 24.0 -293.0 -645.0 -2819.0 0.76 0.02 4.7
-15.7 0.169 203.0 -87.0 1930.0 30.0 10.0 -291.0 30.0 3772.0 0.63 0.16 9.9
-15.7 0.152 262.0 -744.0 1404.0 32.5 61.0 158.0 1935.0 2304.0 0.68 0.13 8.7
-17.0 0.17 227.0 -645.0 1896.0 37.3 20.0 158.0 1610.0 -2888.0 0.8 0.15 5.9
-16.2 0.154 211.0 -453.0 -1334.0 26.3 11.0 -22.0 1186.0 -1979.0 0.67 0.11 3.0
-16.2 0.163 267.0 -328.0 2141.0 37.8 69.0 -20.0 1648.0 -3625.0 0.75 0.14 8.2
-16.1 0.152 225.0 501.0 -2263.0 36.4 46.0 -26.0 -1650.0 815.0 0.8 0.06 4.0
-15.0 0.153 208.0 163.0 -246.0 33.7 46.0 -313.0 -1699.0 -4199.0 0.6 0.14 2.3
-16.6 0.155 255.0 -590.0 507.0 32.0 37.0 -58.0 -1497.0 -1910.0 0.75 0.05 8.7
-16.1 0.16 239.0 832.0 -2766.0 29.0 27.0 -234.0 19.0 -2519.0 0.77 0.17 3.3
-16.8 0.168 248.0 32.0 -510.0 33.6 80.0 5.0 -1252.0 -2225.0 0.64 0.2 2.5
-15.9 0.17 204.0 -944.0 -888.0 30.5 76.0 -117.0 -1167.0 -3889.0 0.65 0.19 7.3
-15.2 0.154 250.0 513.0 -2376.0 32.0 27.0 -321.0 -1452.0 3456.0 0.6 0.09 7.9
-15.5 0.17 252.0 -75.0 -2311.0 28.3 50.0 -331.0 1764.0 4263.0 0.63 0.14 1.5
-16.8 0.166 230.0 -634.0 2602.0 26.3 65.0 100.0 351.0 -305.0 0.73 0.15 9.6
-15.5 0.152 206.0 -837.0 -2134.0 27.0 27.0 33.0 -529.0 4806.0 0.6 0.14 5.2
-16.1 0.154 199.0 -104.0 1422.0 31.3 74.0 -224.0 1562.0 7.0 0.77 0.16 9.2
-15.1 0.166 264.0 -446.0 -2895.0 26.9 50.0 -106.0 -949.0 1711.0 0.7 0.02 7.8
-16.6 0.15 248.0 -803.0 -1396.0 26.0 64.0 -304.0 -81.0 -4727.0 0.8 0.13 2.9
-15.6 0.156 265.0 -630.0 2853.0 34.2 14.0 -126.0 1181.0 -949.0 0.74 0.16 1.1
-15.2 0.155 232.0 -902.0 -2864.0 31.1 60.0 75.0 -178.0 2319.0 0.69 0.06 5.5
-16.2 0.157 268.0 -987.0 1099.0 34.5 57.0 -84.0 694.0 1455.0 0.63 0.16 3.4
-15.4 0.167 191.0 -98.0 1881.0 26.8 50.0 187.0 -346.0 -646.0 0.74 0.1 5.7
-17.0 0.169 243.0 -35.0 -2266.0 37.6 32.0 120.0 162.0 -4543.0 0.69 0.09 7.4
-16.1 0.164 258.0 -842.0 -1244.0 37.4 11.0 -28.0 -1860.0 677.0 0.79 0.2 7.2
-16.5 0.169 260.0 549.0 -1828.0 31.5 32.0 -278.0 1017.0 4811.0 0.72 0.17 2.8
-15.6 0.16 255.0 121.0 -1079.0 35.6 71.0 -191.0 165.0 -646.0 0.66 0.03 6.5
-16.7 0.158 232.0 -413.0 2833.0 36.5 72.0 -81.0 -705.0 -2880.0 0.6 0.01 5.2
-15.9 0.162 247.0 -261.0 953.0 34.9 49.0 24.0 1541.0 3555.0 0.76 0.07 1.4
-15.7 0.156 222.0 -789.0 -2394.0 34.9 41.0 -222.0 -928.0 4763.0 0.63 0.15 3.1
-15.0 0.167 202.0 639.0 2561.0 29.6 30.0 1.0 -1707.0 409.0 0.68 0.05 6.6
-15.4 0.163 201.0 368.0 2390.0 36.9 57.0 -341.0 1543.0 -3686.0 0.77 0.18 2.9
-15.9 0.15 217.0 49.0 -1212.0 36.9 22.0 -146.0 831.0 -4452.0 0.71 0.05 2.5
-15.1 0.169 259.0 -637.0 900.0 33.9 74.0 -120.0 -58.0 -1491.0 0.8 0.12 4.6
-16.5 0.165 198.0 -506.0 -2909.0 34.3 40.0 -301.0 510.0 -1766.0 0.74 0.1 2.4
-15.8 0.16 226.0 77.0 1488.0 36.3 60.0 48.0 -920.0 2167.0 0.7 0.12 5.7
-15.8 0.158 224.0 -102.0 -1846.0 35.6 71.0 89.0 710.0 -2111.0 0.75 0.11 5.7
-15.0 0.153 225.0 -476.0 -2758.0 33.1 65.0 -230.0 -1631.0 -2463.0 0.74 0.18 5.4
-16.3 0.17 209.0 670.0 -379.0 31.7 32.0 -357.0 333.0 -1744.0 0.67 0.13 5.8
-15.2 0.158 221.0 155.0 1223.0 38.0 56.0 -181.0 1470.0 -3027.0 0.69 0.04 1.6
-15.4 0.167 224.0 776.0 -2759.0 33.0 19.0 -139.0 -1766.0 458.0 0.66 0.03 4.2
-17.0 0.151 246.0 865.0 -308.0 28.0 21.0 -258.0 -1950.0 214.0 0.63 0.0 7.3
-16.8 0.154 215.0 -676.0 -2018.0 29.5 17.0 -192.0 -572.0 3516.0 0.61 0.06 3.4
-17.0 0.15 255.0 -13.0 -2216.0 31.6 36.0 -370.0 946.0 4618.0 0.66 0.03 7.6
-16.2 0.162 254.0 -686.0 369.0 30.1 35.0 171.0 1907.0 97.0 0.75 0.06 3.3
-16.6 0.156 247.0 -901.0 1382.0 29.4 29.0 -359.0 1376.0 750.0 0.63 0.07 4.0
-15.2 0.166 253.0 -802.0 816.0 32.1 47.0 31.0 -1746.0 229.0 0.68 0.18 6.5
-16.4 0.154 244.0 -211.0 2507.0 29.9 38.0 149.0 986.0 -2558.0 0.61 0.07 5.2
-15.8 0.167 267.0 -653.0 1018.0 29.6 48.0 125.0 -174.0 1384.0 0.7 0.16 6.3
-15.7 0.163 205.0 -201.0 -2235.0 28.9 62.0 -30.0 1865.0 -230.0 0.64 0.18 9.5
-15.9 0.169 193.0 664.0 -826.0 34.7 53.0 73.0 -180.0 -1884.0 0.68 0.2 2.0
-16.8 0.156 253.0 -599.0 -341.0 36.1 10.0 -41.0 1104.0 -1051.0 0.77 0.03 3.8
-16.6 0.155 205.0 -80.0 866.0 37.3 35.0 -272.0 526.0 -1296.0 0.73 0.09 1.2
-15.4 0.162 206.0 615.0 -2867.0 33.3 78.0 -386.0 1716.0 -2200.0 0.65 0.04 6.7
-16.8 0.152 237.0 193.0 -2962.0 34.1 37.0 -101.0 1756.0 -4559.0 0.68 0.04 8.7
-15.5 0.169 204.0 -336.0 623.0 27.0 25.0 -398.0 1267.0 2574.0 0.71 0.08 7.9
-16.8 0.158 269.0 951.0 2813.0 33.7 40.0 124.0 -1383.0 552.0 0.69 0.04 2.5
-15.7 0.15 233.0 -945.0 38.0 30.8 51.0 78.0 -965.0 3700.0 0.68 0.19 2.7
-15.0 0.159 234.0 92.0 -1360.0 37.0 70.0 -347.0 -1675.0 -4235.0 0.79 0.13 5.5
-15.4 0.164 194.0 -199.0 2276.0 26.0 59.0 -102.0 613.0 3606.0 0.8 0.09 5.4
-16.6 0.162 255.0 973.0 1212.0 30.9 22.0 75.0 662.0 4910.0 0.75 0.08 7.2
-16.3 0.161 222.0 104.0 -623.0 30.6 67.0 -240.0 -1798.0 -4346.0 0.78 0.05 7.3
-15.7 0.158 260.0 161.0 -2615.0 28.7 69.0 -172.0 1694.0 518.0 0.64 0.03 5.4
-16.9 0.167 255.0 -54.0 -882.0 30.7 45.0 -11.0 -270.0 950.0 0.66 0.09 7.2
-16.4 0.157 198.0 -192.0 887.0 26.2 21.0 -144.0 1455.0 3514.0 0.72 0.15 4.2
-16.6 0.151 245.0 -325.0 -2635.0 34.8 36.0 200.0 1258.0 -3977.0 0.74 0.01 2.3
-16.4 0.156 195.0 -480.0 2604.0 34.6 11.0 19.0 -1840.0 2189.0 0.77 0.17 6.5
-15.6 0.163 258.0 -193.0 -83.0 29.8 17.0 63.0 917.0 -3676.0 0.77 0.13 1.5
-16.2 0.154 269.0 737.0 -1668.0 27.7 21.0 -336.0 400.0 1765.0 0.67 0.02 3.5
-15.3 0.16 244.0 -539.0 2354.0 31.2 26.0 -182.0 -1772.0 -747.0 0.6 0.2 3.3
-16.6 0.165 218.0 4.0 498.0 27.5 54.0 145.0 -734.0 -3543.0 0.64 0.06 5.9
-16.4 0.151 231.0 -24.0 -1033.0 27.8 79.0 -26.0 -1711.0 2775.0 0.79 0.1 10.0
-15.9 0.159 248.0 291.0 1563.0 26.8 72.0 -275.0 -680.0 -4998.0 0.74 0.09 4.8
-16.0 0.166 213.0 -247.0 1611.0 31.9 24.0 -162.0 917.0 -1849.0 0.8 0.05 8.6
-16.5 0.16 261.0 831.0 -1933.0 35.8 59.0 181.0 -319.0 -94.0 0.63 0.1 9.5
-15.8 0.166 257.0 920.0 -212.0 28.8 34.0 -388.0 -263.0 1711.0 0.8 0.07 6.8
-16.9 0.169 259.0 859.0 -564.0 37.4 12.0 169.0 -132.0 -3201.0 0.79 0.1 5.4
-15.5 0.164 198.0 -872.0 28.0 37.9 16.0 -129.0 -1986.0 -2827.0 0.61 0.15 6.5
-15.5 0.169 243.0 -531.0 -886.0 31.4 62.0 -146.0 626.0 -4231.0 0.71 0.12 8.4
-15.8 0.159 244.0 -976.0 -267.0 31.7 24.0 -262.0 1458.0 -2087.0 0.79 0.19 8.7
-15.3 0.162 216.0 -622.0 971.0 29.6 50.0 -46.0 384.0 4241.0 0.77 0.02 5.4
-16.2 0.156 217.0 -948.0 2848.0 31.7 56.0 -246.0 1282.0 1864.0 0.77 0.02 8.7
-15.2 0.157 223.0 706.0 2625.0 27.7 14.0 -335.0 -456.0 -1988.0 0.79 0.15 8.7
-15.2 0.163 190.0 660.0 -2010.0 32.6 58.0 -131.0 89.0 1345.0 0.6 0.06 4.9
-15.7 0.163 264.0 451.0 2084.0 30.1 48.0 -249.0 1137.0 1991.0 0.73 0.15 4.3
-15.6 0.164 213.0 640.0 -2368.0 32.0 32.0 54.0 -101.0 -3086.0 0.61 0.2 6.0
-15.8 0.155 193.0 409.0 2481.0 28.0 10.0 -134.0 438.0 -1736.0 0.8 0.09 5.3
-15.6 0.169 250.0 287.0 -2641.0 37.3 46.0 99.0 943.0 4356.0 0.74 0.11 9.1
-15.6 0.154 257.0 934.0 -2431.0 33.3 33.0 112.0 -10.0 4413.0 0.77 0.13 9.9
-16.8 0.169 197.0 -403.0 -1333.0 27.6 45.0 -291.0 -227.0 -4822.0 0.61 0.01 6.9
-15.3 0.157 205.0 901.0 -2671.0 32.5 25.0 -159.0 592.0 -1181.0 0.64 0.14 6.7
-15.1 0.16 221.0 959.0 969.0 31.9 10.0 -349.0 1659.0 -1640.0 0.63 0.13 5.0
-15.3 0.16 201.0 848.0 2058.0 32.8 77.0 118.0 772.0 -3620.0 0.74 0.05 1.2
-17.0 0.163 224.0 203.0 -1739.0 35.6 30.0 78.0 1192.0 -1130.0 0.71 0.08 2.6
-15.6 0.153 200.0 -807.0 -815.0 26.2 23.0 -379.0 -1299.0 -4032.0 0.71 0.09 6.3
-15.8 0.161 217.0 39.0 -1963.0 37.6 53.0 -181.0 -961.0 -1553.0 0.66 0.12 4.9
-15.6 0.17 205.0 -399.0 1193.0 27.3 52.0 116.0 -967.0 2825.0 0.7 0.0 6.6
-15.7 0.153 270.0 -635.0 -2974.0 32.7 28.0 106.0 -215.0 3414.0 0.63 0.2 9.6
-15.5 0.15 209.0 154.0 1592.0 33.0 31.0 -204.0 -339.0 -3257.0 0.76 0.02 8.9
-15.2 0.163 233.0 262.0 2437.0 28.2 14.0 -312.0 1563.0 -2460.0 0.67 0.13 7.5
-16.9 0.154 264.0 -303.0 2269.0 31.4 10.0 163.0 1959.0 4486.0 0.77 0.01 4.6
-15.6 0.154 235.0 -816.0 1037.0 28.5 44.0 159.0 -851.0 4899.0 0.75 0.09 2.7
-15.1 0.16 239.0 928.0 -2988.0 36.1 11.0 157.0 -821.0 -445.0 0.8 0.12 9.3
-16.7 0.15 266.0 531.0 2186.0 32.9 60.0 -289.0 -1692.0 -1374.0 0.71 0.01 1.8
-15.9 0.152 219.0 -417.0 982.0 30.4 26.0 -271.0 -766.0 -4531.0 0.71 0.07 9.2
-15.3 0.153 263.0 404.0 -772.0 29.2 57.0 -281.0 538.0 188.0 0.73 0.2 9.8
-15.5 0.161 229.0 -836.0 -543.0 37.5 49.0 -376.0 -951.0 1509.0 0.8 0.07 2.7
-16.3 0.165 266.0 -463.0 1149.0 27.4 31.0 151.0 -1368.0 4047.0 0.7 0.04 1.7
-16.0 0.163 254.0 -852.0 527.0 26.5 21.0 -222.0 -1051.0 969.0 0.65 0.04 4.8
-16.9 0.169 235.0 227.0 -726.0 31.2 65.0 104.0 1626.0 2317.0 0.77 0.02 3.7
-16.9 0.167 215.0 -631.0 -430.0 33.5 78.0 197.0 -1595.0 1680.0 0.72 0.15 2.1
-15.7 0.16 243.0 920.0 -597.0 35.6 50.0 -181.0 -1313.0 4770.0 0.71 0.03 6.0
-16.6 0.166 198.0 55.0 -1464.0 36.6 61.0 -25.0 137.0 2530.0 0.7 0.02 8.0
-16.3 0.162 195.0 -926.0 -579.0 36.5 30.0 166.0 -1333.0 -1905.0 0.69 0.01 1.4
-15.4 0.159 201.0 342.0 -573.0 33.1 34.0 -282.0 -1221.0 4785.0 0.62 0.01 8.0
-15.8 0.164 246.0 -756.0 -1713.0 29.8 33.0 -107.0 -1839.0 -2945.0 0.76 0.1 1.1
-16.1 0.155 223.0 -254.0 751.0 28.0 47.0 -102.0 -1802.0 4272.0 0.66 0.1 5.1
-15.0 0.166 246.0 219.0 1830.0 32.4 47.0 -231.0 1751.0 2073.0 0.79 0.14 6.4
-16.4 0.151 248.0 -264.0 1677.0 31.7 54.0 -9.0 -1021.0 2650.0 0.62 0.14 2.4
-16.5 0.155 201.0 406.0 -1472.0 31.6 72.0 34.0 1235.0 4018.0 0.61 0.13 8.8
-16.1 0.154 219.0 -361.0 -1464.0 32.4 29.0 -164.0 -1506.0 -1190.0 0.7 0.01 3.5
-16.2 0.16 261.0 -795.0 316.0 33.7 79.0 68.0 1982.0 4028.0 0.74 0.17 3.4
-16.6 0.152 268.0 -136.0 -1681.0 33.5 18.0 -230.0 -1566.0 -1440.0 0.68 0.09 3.5
-15.1 0.167 226.0 283.0 1705.0 33.4 33.0 -336.0 -1767.0 -4471.0 0.66 0.15 10.0
-16.3 0.161 203.0 123.0 766.0 32.7 53.0 -12.0 -727.0 4756.0 0.62 0.17 2.4
-15.1 0.152 221.0 -161.0 -11.0 31.1 47.0 -293.0 -796.0 -2821.0 0.69 0.19 5.9
-16.5 0.16 214.0 365.0 -2410.0 32.3 45.0 -314.0 658.0 -553.0 0.6 0.16 6.3
-16.2 0.15 200.0 -939.0 2197.0 32.1 31.0 -33.0 -1582.0 384.0 0.63 0.16 4.4
-17.0 0.157 236.0 -320.0 -136.0 33.4 51.0 -79.0 -989.0 1067.0 0.74 0.2 1.1
-15.4 0.161 253.0 -774.0 -1893.0 30.5 51.0 -37.0 -830.0 -566.0 0.78 0.18 1.6
-16.0 0.159 254.0 76.0 550.0 26.0 45.0 12.0 -62.0 -4116.0 0.62 0.12 10.0
-16.8 0.167 198.0 -249.0 465.0 35.5 41.0 88.0 -1071.0 914.0 0.66 0.0 4.7
-16.0 0.151 200.0 -185.0 32.0 30.5 39.0 -150.0 1304.0 -4833.0 0.77 0.0 2.6
-16.8 0.156 258.0 956.0 -2931.0 32.5 23.0 -66.0 179.0 -2185.0 0.75 0.05 4.1
-15.0 0.161 236.0 960.0 -2915.0 35.4 20.0 7.0 -1131.0 -1411.0 0.77 0.12 6.7
-15.1 0.157 204.0 -457.0 -735.0 37.1 72.0 -10.0 -1406.0 2952.0 0.7 0.15 5.9
-15.2 0.153 235.0 -126.0 -1091.0 32.8 13.0 169.0 320.0 -4651.0 0.74 0.06 6.7
-16.9 0.168 238.0 -123.0 1745.0 34.7 37.0 75.0 1403.0 -1316.0 0.78 0.08 7.3
-15.0 0.158 233.0 -367.0 -2784.0 36.1 74.0 -396.0 -1915.0 -941.0 0.78 0.15 7.1
-16.4 0.166 203.0 -767.0 2494.0 30.0 30.0 170.0 -371.0 -1246.0 0.76 0.19 10.0
-15.9 0.163 225.0 753.0 1682.0 35.7 39.0 -334.0 -1555.0 -676.0 0.65 0.1 9.5
-16.2 0.159 229.0 394.0 -438.0 26.3 40.0 -258.0 -537.0 -3661.0 0.64 0.2 1.8
-16.9 0.17 256.0 -664.0 1769.0 34.0 41.0 173.0 25.0 -1988.0 0.68 0.0 1.7
-15.0 0.152 265.0 326.0 589.0 26.8 27.0 -209.0 309.0 3333.0 0.65 0.16 6.0
-15.9 0.169 262.0 -525.0 -1437.0 30.9 41.0 -273.0 606.0 1366.0 0.8 0.1 8.7
-16.7 0.157 224.0 -198.0 1663.0 33.3 34.0 -193.0 -1250.0 1225.0 0.75 0.1 8.4
-16.4 0.17 190.0 -911.0 2194.0 36.9 17.0 -290.0 1642.0 2011.0 0.75 0.04 6.2
-16.6 0.155 211.0 -562.0 1534.0 28.5 35.0 -152.0 -707.0 69.0 0.66 0.04 6.4
-16.6 0.17 241.0 335.0 1081.0 33.1 76.0 -69.0 -930.0 -243.0 0.78 0.08 4.6
-16.0 0.165 192.0 -968.0 1453.0 36.2 73.0 -59.0 1488.0 3820.0 0.62 0.12 4.6
-16.6 0.158 223.0 -727.0 2710.0 35.0 17.0 -339.0 -199.0 -265.0 0.8 0.0 1.5
-16.3 0.155 195.0 32.0 2193.0 33.6 40.0 -136.0 -1630.0 -1083.0 0.7 0.13 4.0
-16.2 0.151 203.0 912.0 822.0 31.9 74.0 -201.0 -359.0 -3784.0 0.71 0.18 7.1
-16.0 0.162 211.0 -213.0 -1842.0 26.9 47.0 -334.0 1402.0 2414.0 0.6 0.09 4.8
-16.7 0.152 210.0 472.0 -1862.0 28.5 26.0 135.0 217.0 -4203.0 0.75 0.2 1.6
-16.5 0.17 244.0 -266.0 -2403.0 30.1 40.0 -343.0 136.0 -1348.0 0.61 0.05 3.5
-15.4 0.151 259.0 870.0 1360.0 36.1 43.0 185.0 1937.0 4179.0 0.73 0.17 6.5
-15.0 0.163 204.0 563.0 -2509.0 29.0 71.0 -211.0 667.0 -2799.0 0.63 0.09 3.2
-16.6 0.168 232.0 -824.0 -953.0 29.5 29.0 92.0 -1788.0 -4454.0 0.77 0.03 5.4
-15.5 0.153 223.0 458.0 836.0 31.0 35.0 -371.0 913.0 4773.0 0.68 0.14 5.0
-17.0 0.151 262.0 -565.0 -1013.0 35.7 39.0 -19.0 -496.0 2615.0 0.76 0.18 4.7
-15.7 0.168 202.0 173.0 2584.0 37.1 16.0 -321.0 -779.0 738.0 0.63 0.07 8.5
-15.6 0.151 246.0 438.0 -2408.0 30.2 24.0 -241.0 415.0 772.0 0.62 0.12 6.8
-16.7 0.162 226.0 -138.0 -2780.0 27.0 60.0 -47.0 -1797.0 -3825.0 0.64 0.01 3.7
-15.8 0.16 245.0 -824.0 1439.0 28.3 78.0 -242.0 -561.0 -2983.0 0.75 0.0 6.8
-15.7 0.162 248.0 -468.0 -2048.0 33.1 37.0 80.0 -442.0 457.0 0.78 0.08 7.4
-15.3 0.155 268.0 565.0 713.0 35.3 78.0 -396.0 278.0 -168.0 0.68 0.03 3.0
-16.0 0.16 221.0 -609.0 -895.0 32.5 11.0 -400.0 270.0 343.0 0.68 0.03 6.1
-15.5 0.166 270.0 14.0 2619.0 35.3 32.0 -249.0 335.0 4159.0 0.76 0.01 8.3
-15.4 0.151 262.0 -611.0 340.0 29.1 65.0 -371.0 1877.0 -1348.0 0.77 0.13 2.2
-15.0 0.161 207.0 -361.0 1582.0 30.0 80.0 -108.0 -105.0 2728.0 0.75 0.08 3.9
-16.2 0.17 212.0 250.0 2022.0 38.0 58.0 178.0 738.0 1768.0 0.7 0.12 1.9
-16.2 0.157 230.0 -315.0 -2724.0 28.9 54.0 -319.0 1379.0 34.0 0.77 0.16 5.0
-16.4 0.158 199.0 142.0 2223.0 31.0 75.0 -3.0 1935.0 -3695.0 0.75 0.12 2.4
-16.8 0.164 252.0 -418.0 1695.0 36.9 14.0 -176.0 -1307.0 950.0 0.64 0.11 1.3
-15.8 0.153 228.0 299.0 2476.0 34.0 22.0 42.0 1373.0 -1198.0 0.64 0.11 5.0
-15.8 0.164 249.0 -324.0 -2556.0 34.9 77.0 -63.0 -1589.0 -818.0 0.6 0.1 4.5
-16.3 0.156 223.0 533.0 593.0 28.0 27.0 -371.0 -127.0 -2506.0 0.78 0.05 5.2
-16.5 0.168 197.0 400.0 -2009.0 31.9 16.0 22.0 841.0 -3884.0 0.68 0.04 9.7
-16.9 0.152 236.0 -200.0 -696.0 33.9 71.0 80.0 -1175.0 635.0 0.7 0.02 3.9
-15.8 0.155 224.0 -137.0 -327.0 34.5 21.0 176.0 -309.0 -4669.0 0.62 0.13 8.2
-16.8 0.156 233.0 20.0 -1589.0 32.9 67.0 -279.0 131.0 -1098.0 0.66 0.2 9.2
-16.1 0.153 258.0 -481.0 1248.0 30.2 31.0 162.0 1209.0 2821.0 0.64 0.01 5.4
-16.8 0.17 257.0 -596.0 2437.0 37.5 59.0 -179.0 -1135.0 3983.0 0.76 0.15 6.3
-15.0 0.164 202.0 -410.0 1633.0 32.1 63.0 76.0 1464.0 4236.0 0.65 0.16 7.2
-15.3 0.151 209.0 -265.0 887.0 35.5 35.0 -311.0 -765.0 2241.0 0.7 0.05 5.3
-16.9 0.16 198.0 -170.0 -1148.0 34.5 11.0 -180.0 -1873.0 -972.0 0.76 0.16 5.8
-15.5 0.156 226.0 200.0 -2288.0 36.4 34.0 93.0 -1039.0 -3272.0 0.64 0.18 2.0
-15.5 0.16 250.0 132.0 2865.0 29.7 69.0 -307.0 -77.0 324.0 0.76 0.03 3.9
-17.0 0.164 238.0 375.0 448.0 31.6 15.0 -146.0 1869.0 -3597.0 0.7 0.11 7.1
-15.5 0.152 244.0 939.0 -609.0 37.8 23.0 131.0 -963.0 -3287.0 0.69 0.06 3.4
-16.7 0.165 258.0 -967.0 -282.0 35.5 44.0 -365.0 -1266.0 4079.0 0.61 0.14 4.3
-16.9 0.151 199.0 -192.0 1358.0 31.0 35.0 -257.0 -1917.0 -299.0 0.64 0.17 6.6
-15.1 0.164 216.0 -40.0 1473.0 26.4 26.0 -354.0 498.0 2691.0 0.63 0.13 9.9
-15.3 0.159 270.0 337.0 995.0 31.0 32.0 66.0 315.0 1648.0 0.75 0.05 9.4
-16.0 0.159 241.0 -420.0 1254.0 32.6 13.0 -41.0 -1847.0 510.0 0.7 0.1 5.2
-16.9 0.17 250.0 491.0 2943.0 30.4 16.0 -214.0 1536.0 3713.0 0.7 0.08 6.0
-16.9 0.164 201.0 391.0 -1807.0 30.0 74.0 -50.0 -1309.0 -1047.0 0.73 0.04 2.2
-16.6 0.154 269.0 -260.0 -160.0 32.4 37.0 149.0 -608.0 -2693.0 0.78 0.18 1.8
-15.8 0.162 255.0 -54.0 -2727.0 27.8 79.0 -162.0 465.0 -1581.0 0.7 0.03 6.5
-15.8 0.161 217.0 824.0 31.0 26.0 41.0 -192.0 1304.0 1930.0 0.6 0.19 3.3
-16.4 0.157 214.0 48.0 864.0 33.4 71.0 174.0 16.0 3811.0 0.61 0.1 9.1
-16.7 0.163 252.0 -703.0 -2599.0 29.3 71.0 -38.0 1753.0 -4583.0 0.72 0.01 5.8
-16.1 0.153 231.0 -550.0 500.0 37.0 10.0 -43.0 1616.0 -2792.0 0.77 0.18 5.3
-15.4 0.169 214.0 -778.0 -2601.0 37.0 18.0 -248.0 1187.0 -324.0 0.8 0.2 6.4
-16.5 0.151 209.0 -849.0 2111.0 27.8 19.0 -347.0 1954.0 3318.0 0.76 0.16 7.6
-16.8 0.165 270.0 420.0 -1196.0 26.7 10.0 135.0 -782.0 -37.0 0.6 0.06 4.3
-16.5 0.167 196.0 487.0 1582.0 29.7 10.0 -102.0 890.0 4552.0 0.75 0.15 7.5
-15.0 0.154 263.0 458.0 2416.0 34.9 43.0 -360.0 -1097.0 4617.0 0.64 0.16 2.0
-15.3 0.166 270.0 -131.0 -243.0 32.4 19.0 171.0 1701.0 1423.0 0.64 0.13 1.0
-16.0 0.161 270.0 57.0 2383.0 32.8 26.0 139.0 -121.0 2893.0 0.7 0.08 8.4
-16.1 0.17 219.0 -549.0 -1301.0 27.1 12.0 109.0 1312.0 2013.0 0.65 0.06 9.8
-17.0 0.151 220.0 700.0 836.0 31.0 38.0 -386.0 -468.0 4063.0 0.74 0.02 5.4
-15.4 0.166 212.0 -572.0 -2909.0 30.5 55.0 182.0 875.0 -1432.0 0.74 0.1 3.8
-16.8 0.164 243.0 -193.0 -1066.0 36.4 21.0 -317.0 -454.0 -2961.0 0.72 0.16 3.6
-15.5 0.157 249.0 -928.0 2278.0 28.0 67.0 34.0 207.0 -2637.0 0.78 0.13 5.0
-16.6 0.154 199.0 -59.0 -808.0 34.7 56.0 -206.0 1299.0 1416.0 0.71 0.15 8.7
-15.1 0.151 247.0 712.0 2196.0 28.7 31.0 56.0 1499.0 -3923.0 0.75 0.0 6.8
-16.8 0.15 227.0 111.0 -1557.0 26.8 57.0 124.0 765.0 106.0 0.7 0.1 2.9
-15.5 0.156 238.0 84.0 -735.0 35.1 69.0 -88.0 -186.0 -2352.0 0.79 0.05 2.2
-16.0 0.165 235.0 -93.0 1226.0 34.7 76.0 -69.0 -161.0 -2777.0 0.78 0.19 8.5
-16.2 0.165 206.0 -784.0 -2390.0 30.2 49.0 -11.0 -527.0 2241.0 0.68 0.1 3.1
-16.9 0.16 248.0 998.0 -1097.0 35.6 52.0 -134.0 469.0 -142.0 0.76 0.19 9.8
-15.9 0.152 269.0 -299.0 -397.0 37.2 78.0 -178.0 -1806.0 921.0 0.65 0.04 9.8
-15.0 0.158 222.0 199.0 1504.0 34.0 71.0 -216.0 -899.0 -4657.0 0.78 0.2 2.7
-15.0 0.156 250.0 -822.0 -2625.0 27.7 74.0 -64.0 685.0 2384.0 0.75 0.03 7.6
-15.1 0.15 212.0 -856.0 2639.0 28.5 65.0 61.0 -1283.0 1820.0 0.67 0.08 6.5
-15.7 0.167 216.0 -445.0 -1180.0 33.0 34.0 39.0 948.0 961.0 0.64 0.2 3.4
-16.1 0.151 254.0 794.0 39.0 28.5 59.0 155.0 1286.0 -3153.0 0.66 0.12 2.0
-16.1 0.156 258.0 -515.0 -775.0 31.4 34.0 -361.0 -551.0 -852.0 0.6 0.04 3.8
-15.9 0.153 237.0 521.0 1836.0 27.3 74.0 -44.0 938.0 -729.0 0.67 0.15 4.7
-15.3 0.153 269.0 -859.0 -1481.0 34.2 41.0 -78.0 -1709.0 -4441.0 0.79 0.07 1.3
-16.1 0.166 192.0 356.0 1333.0 27.3 52.0 -345.0 1549.0 3197.0 0.63 0.16 7.0
-15.9 0.167 234.0 304.0 -1168.0 34.3 27.0 68.0 -627.0 3909.0 0.71 0.06 9.2
-16.3 0.163 229.0 -760.0 -2411.0 31.1 31.0 -81.0 770.0 -1924.0 0.63 0.02 8.9
-16.9 0.164 194.0 989.0 -1517.0 36.8 43.0 -122.0 -211.0 -1502.0 0.79 0.19 5.2
-15.0 0.169 229.0 52.0 2296.0 26.3 70.0 -390.0 -874.0 4757.0 0.76 0.07 9.1
-15.6 0.163 262.0 762.0 546.0 32.3 12.0 -296.0 1912.0 4972.0 0.8 0.06 9.8
-16.2 0.151 191.0 -975.0 -1391.0 29.2 36.0 -364.0 1366.0 -2013.0 0.74 0.03 4.2
-15.6 0.158 210.0 651.0 2018.0 30.7 18.0 12.0 -1660.0 151.0 0.69 0.1 2.0
-16.6 0.16 190.0 -621.0 513.0 38.0 28.0 -227.0 -748.0 -3679.0 0.72 0.11 9.9
-15.9 0.164 248.0 328.0 2286.0 33.7 14.0 -114.0 -422.0 2414.0 0.62 0.08 8.3
-15.5 0.165 229.0 263.0 -265.0 33.6 75.0 -378.0 41.0 4576.0 0.77 0.04 2.1
-15.1 0.165 251.0 -852.0 -2369.0 27.4 47.0 122.0 1504.0 4869.0 0.66 0.11 3.3
-15.4 0.154 231.0 387.0 2052.0 29.1 21.0 -334.0 -1487.0 -34.0 0.66 0.08 4.4
-15.5 0.169 225.0 -815.0 -1772.0 27.8 16.0 161.0 151.0 2940.0 0.72 0.19 2.0
-15.3 0.152 193.0 908.0 2159.0 28.5 61.0 -335.0 -302.0 -3875.0 0.76 0.19 4.0
-16.2 0.155 202.0 730.0 1368.0 26.2 35.0 -177.0 -119.0 1042.0 0.67 0.18 1.0
-16.2 0.153 213.0 493.0 2753.0 29.2 77.0 -255.0 1732.0 -3168.0 0.7 0.17 5.7
-16.1 0.162 229.0 -778.0 -645.0 27.6 27.0 -344.0 892.0 4683.0 0.69 0.17 5.1
-15.6 0.157 247.0 274.0 1637.0 37.0 78.0 -119.0 -210.0 -2404.0 0.72 0.05 9.6
-16.6 0.155 203.0 -197.0 709.0 28.9 70.0 -6.0 -190.0 -2504.0 0.62 0.05 3.0
-15.7 0.164 214.0 14.0 -2791.0 36.6 27.0 -371.0 -739.0 2083.0 0.75 0.01 5.0
-16.3 0.159 207.0 746.0 1947.0 36.5 20.0 -360.0 50.0 -1416.0 0.61 0.2 10.0
-16.5 0.152 262.0 -522.0 -2595.0 30.9 11.0 118.0 -610.0 4423.0 0.62 0.13 4.3
-16.0 0.16 242.0 -366.0 -2476.0 37.8 29.0 -42.0 -52.0 4811.0 0.65 0.03 4.2
-17.0 0.16 195.0 0.0 2500.0 34.8 45.0 -252.0 -176.0 3692.0 0.76 0.06 6.2
-15.2 0.162 213.0 -273.0 2548.0 31.0 47.0 165.0 -1185.0 1649.0 0.69 0.07 1.2
-16.1 0.166 243.0 -607.0 2975.0 35.6 55.0 -236.0 1887.0 275.0 0.66 0.13 9.5
-15.5 0.165 220.0 272.0 -727.0 28.7 28.0 -362.0 1027.0 1840.0 0.66 0.01 9.2
-16.4 0.168 240.0 81.0 -2192.0 35.1 44.0 -377.0 1959.0 -2893.0 0.8 0.11 2.5
-16.2 0.16 215.0 -602.0 2793.0 29.6 74.0 -234.0 -318.0 -4802.0 0.71 0.14 8.4
-15.6 0.162 201.0 974.0 -1886.0 33.6 28.0 -379.0 -1059.0 -4676.0 0.71 0.13 2.1
-16.4 0.153 237.0 -866.0 2661.0 31.2 12.0 -341.0 888.0 -448.0 0.71 0.08 3.8
-16.3 0.17 217.0 750.0 266.0 31.1 59.0 114.0 1764.0 3421.0 0.72 0.13 6.8
-16.9 0.165 238.0 -57.0 596.0 30.8 33.0 -208.0 -1086.0 -2689.0 0.66 0.06 9.8
-15.8 0.158 234.0 219.0 -353.0 29.1 15.0 -277.0 1485.0 4664.0 0.7 0.03 6.4
-16.6 0.168 226.0 767.0 1387.0 36.7 55.0 -334.0 -1145.0 -2058.0 0.73 0.19 6.0
-15.8 0.164 236.0 -90.0 -2299.0 36.8 61.0 149.0 -1513.0 3895.0 0.68 0.03 9.0
-15.6 0.155 217.0 -395.0 -1651.0 30.3 32.0 -245.0 -1204.0 4257.0 0.63 0.19 5.6
-16.7 0.151 206.0 -198.0 -2113.0 33.5 38.0 -58.0 -714.0 -1252.0 0.78 0.05 8.9
-16.9 0.155 191.0 -484.0 -24.0 29.0 59.0 -276.0 1757.0 -4319.0 0.71 0.14 1.5
-16.7 0.167 218.0 695.0 -2170.0 32.1 33.0 -47.0 660.0 -2282.0 0.69 0.11 1.3
-16.4 0.158 264.0 434.0 -2685.0 37.7 15.0 -365.0 -1463.0 3639.0 0.61 0.06 4.9
-15.9 0.158 254.0 535.0 1435.0 34.0 49.0 123.0 -1560.0 3687.0 0.69 0.06 4.7
-15.3 0.156 229.0 236.0 -674.0 26.3 45.0 -352.0 -1673.0 -367.0 0.78 0.12 6.2
-16.3 0.164 194.0 -269.0 2681.0 30.7 73.0 -343.0 1671.0 -3437.0 0.66 0.06 5.5
-17.0 0.154 190.0 56.0 1764.0 31.6 77.0 -363.0 -152.0 1341.0 0.62 0.03 9.2
-15.1 0.169 218.0 909.0 2254.0 32.4 28.0 -37.0 -1828.0 621.0 0.64 0.13 6.1
-16.3 0.163 224.0 -555.0 1946.0 30.1 49.0 -361.0 1699.0 3747.0 0.75 0.17 6.9
-16.0 0.164 231.0 663.0 -71.0 36.9 50.0 -96.0 -706.0 -2020.0 0.73 0.0 5.9
-16.6 0.158 219.0 -431.0 2546.0 36.5 17.0 -304.0 -1531.0 -4471.0 0.62 0.11 6.8
-16.6 0.15 225.0 -667.0 -2442.0 32.9 44.0 -229.0 186.0 -483.0 0.66 0.1 1.4
-15.9 0.166 257.0 -124.0 28.0 27.3 36.0 -254.0 -1064.0 -2815.0 0.66 0.06 6.7
-15.1 0.154 265.0 -12.0 715.0 26.5 11.0 64.0 294.0 -2129.0 0.7 0.06 9.0
-16.8 0.156 228.0 168.0 -1887.0 34.7 69.0 20.0 458.0 372.0 0.69 0.0 4.2
-15.9 0.15 197.0 -531.0 93.0 36.8 32.0 -329.0 -909.0 4584.0 0.77 0.0 2.1
-16.5 0.166 204.0 708.0 -1411.0 30.1 49.0 7.0 -1032.0 -3314.0 0.76 0.16 5.5
-15.1 0.166 199.0 -15.0 -1988.0 36.4 23.0 -118.0 380.0 -4308.0 0.79 0.07 3.1
-17.0 0.168 251.0 -721.0 125.0 33.4 20.0 -352.0 1147.0 -2674.0 0.69 0.11 1.2
-15.3 0.162 230.0 -952.0 -2492.0 32.4 44.0 -149.0 -1627.0 3806.0 0.78 0.12 1.3
-16.7 0.152 211.0 -381.0 -788.0 35.7 36.0 -1.0 -25.0 462.0 0.77 0.18 9.0
-16.4 0.165 227.0 -273.0 1656.0 29.6 25.0 -342.0 -1785.0 3149.0 0.64 0.12 5.0
-15.2 0.15 205.0 663.0 -569.0 31.3 25.0 177.0 -524.0 -1962.0 0.79 0.02 5.3
-15.3 0.151 261.0 932.0 794.0 31.4 52.0 -156.0 -735.0 352.0 0.63 0.13 10.0
-17.0 0.163 200.0 -209.0 -639.0 26.1 72.0 -398.0 -488.0 -1797.0 0.63 0.1 4.5
-16.2 0.16 190.0 647.0 -86.0 28.5 74.0 -330.0 -452.0 -4921.0 0.61 0.2 3.1
-16.4 0.156 236.0 -885.0 765.0 31.7 77.0 -251.0 -1237.0 -1127.0 0.75 0.15 5.7
-16.3 0.169 267.0 745.0 -1668.0 38.0 20.0 43.0 -173.0 2936.0 0.78 0.2 6.4
-16.2 0.154 268.0 -383.0 -2946.0 36.0 17.0 -240.0 669.0 -1992.0 0.72 0.17 5.8
-16.9 0.156 207.0 -255.0 1205.0 30.3 47.0 -329.0 107.0 113.0 0.8 0.19 5.6
-17.0 0.169 212.0 -313.0 1607.0 37.8 41.0 -61.0 245.0 -941.0 0.63 0.03 9.0
-15.1 0.153 262.0 389.0 1245.0 34.3 12.0 197.0 -86.0 766.0 0.7 0.14 5.6
-15.8 0.152 239.0 -757.0 2563.0 33.9 23.0 138.0 618.0 4777.0 0.74 0.15 7.5
-15.9 0.16 228.0 792.0 901.0 29.7 35.0 -374.0 104.0 -4016.0 0.65 0.04 4.6
-16.5 0.163 239.0 -814.0 -1460.0 28.1 33.0 184.0 1860.0 3782.0 0.67 0.08 2.7
-15.5 0.153 224.0 -725.0 771.0 32.8 53.0 -51.0 385.0 1401.0 0.6 0.19 1.3
-15.8 0.165 243.0 -290.0 2951.0 30.7 24.0 -16.0 -1875.0 -4321.0 0.62 0.1 5.9
-16.0 0.159 243.0 -333.0 -358.0 31.9 31.0 -155.0 -868.0 4.0 0.61 0.11 5.0
-16.3 0.158 250.0 875.0 2109.0 28.4 40.0 142.0 1465.0 3380.0 0.62 0.0 1.5
-15.6 0.162 191.0 -491.0 -1059.0 33.5 52.0 -248.0 -1890.0 -4992.0 0.69 0.16 9.8
-15.7 0.164 254.0 -279.0 3.0 33.1 40.0 -169.0 271.0 -564.0 0.74 0.05 1.4
-15.3 0.15 270.0 -766.0 2812.0 30.4 51.0 -240.0 -672.0 4371.0 0.75 0.07 2.4
-15.8 0.159 198.0 -847.0 -809.0 36.4 39.0 -256.0 -925.0 -2518.0 0.61 0.11 1.5
-15.6 0.166 218.0 -130.0 440.0 34.2 66.0 -184.0 1800.0 -2649.0 0.8 0.17 5.9
-15.8 0.161 265.0 -708.0 -580.0 36.3 12.0 -117.0 -591.0 3203.0 0.68 0.14 7.6
-15.8 0.15 212.0 -755.0 -2761.0 34.9 24.0 -399.0 654.0 144.0 0.71 0.03 1.6
-16.4 0.162 208.0 -822.0 1595.0 27.7 15.0 -373.0 1227.0 4533.0 0.77 0.05 4.0
-16.4 0.15 220.0 406.0 2512.0 36.5 34.0 -122.0 784.0 2190.0 0.61 0.12 6.5
-16.3 0.161 223.0 295.0 2654.0 31.2 33.0 -334.0 158.0 -1493.0 0.63 0.09 5.8
-16.0 0.15 265.0 44.0 -1026.0 35.9 29.0 73.0 923.0 605.0 0.62 0.19 4.1
-15.6 0.15 269.0 533.0 1234.0 35.1 28.0 -179.0 -1421.0 -299.0 0.76 0.16 9.3
-16.6 0.166 234.0 -189.0 1592.0 32.8 33.0 -104.0 -1048.0 3715.0 0.73 0.01 1.3
-15.6 0.15 229.0 622.0 884.0 35.2 10.0 18.0 625.0 -1115.0 0.66 0.14 4.4
-15.4 0.168 193.0 674.0 -556.0 29.4 65.0 -227.0 1093.0 1517.0 0.65 0.14 3.6
-16.3 0.152 197.0 -685.0 -2182.0 33.3 13.0 -140.0 751.0 1026.0 0.6 0.0 8.4
-15.7 0.161 239.0 65.0 1742.0 29.5 27.0 51.0 -1869.0 -477.0 0.65 0.16 7.9
-16.4 0.155 239.0 345.0 2951.0 28.5 48.0 -380.0 -762.0 1835.0 0.69 0.17 9.5
-15.5 0.161 196.0 980.0 1636.0 35.3 18.0 34.0 -1590.0 -13.0 0.7 0.18 3.9
-16.1 0.161 215.0 677.0 266.0 32.2 72.0 -42.0 -1486.0 4514.0 0.64 0.16 7.8
-16.9 0.162 215.0 317.0 2804.0 33.9 49.0 -229.0 -1096.0 -4106.0 0.78 0.11 8.0
-16.3 0.167 234.0 -806.0 -709.0 28.5 47.0 151.0 -890.0 2983.0 0.67 0.12 4.7
-15.6 0.15 221.0 -954.0 -1652.0 33.5 21.0 2.0 -1838.0 -4289.0 0.76 0.19 1.5
-16.2 0.152 227.0 -828.0 2889.0 32.2 69.0 -32.0 -1132.0 1733.0 0.6 0.03 7.5
-15.0 0.167 226.0 -353.0 834.0 37.0 80.0 95.0 439.0 -1539.0 0.61 0.11 6.2
-15.5 0.159 240.0 -15.0 -1223.0 34.0 54.0 -326.0 -1150.0 -345.0 0.79 0.19 5.2
-16.8 0.154 229.0 -940.0 2372.0 38.0 75.0 -250.0 -1445.0 -4351.0 0.78 0.06 9.9
-15.8 0.166 220.0 437.0 -897.0 33.9 80.0 -202.0 -443.0 -2204.0 0.8 0.07 4.8
-16.1 0.161 214.0 -705.0 -2761.0 33.8 15.0 -183.0 -1849.0 -4597.0 0.62 0.07 2.1
-15.1 0.155 195.0 714.0 458.0 36.1 57.0 102.0 -1951.0 -1499.0 0.65 0.17 5.0
-15.9 0.153 220.0 66.0 -1382.0 27.5 10.0 21.0 1173.0 2423.0 0.66 0.13 8.8
-16.7 0.158 228.0 732.0 -1227.0 29.7 50.0 -185.0 -19.0 2876.0 0.77 0.01 9.2
-15.5 0.17 201.0 -485.0 -1053.0 35.7 11.0 -65.0 -819.0 -828.0 0.64 0.14 5.6
-15.5 0.166 264.0 -341.0 2110.0 37.4 77.0 -269.0 -831.0 14.0 0.72 0.07 8.5
-16.7 0.17 234.0 -922.0 2655.0 27.9 40.0 132.0 597.0 2961.0 0.63 0.06 2.2
-16.1 0.16 209.0 -422.0 2602.0 31.3 21.0 41.0 1763.0 -2059.0 0.64 0.07 2.5
-16.1 0.157 213.0 759.0 1552.0 28.1 58.0 -119.0 1187.0 2486.0 0.74 0.13 7.7
-15.9 0.164 257.0 -696.0 -2348.0 30.4 72.0 138.0 1164.0 -1944.0 0.62 0.04 8.1
-17.0 0.154 261.0 537.0 -1717.0 31.7 65.0 118.0 378.0 -514.0 0.62 0.04 3.1
-16.8 0.152 234.0 -139.0 1388.0 37.0 15.0 48.0 -933.0 -1028.0 0.75 0.16 8.5
-15.5 0.16 269.0 -418.0 -674.0 33.5 60.0 33.0 1521.0 3180.0 0.77 0.1 9.0
-16.0 0.168 193.0 790.0 2365.0 29.0 67.0 49.0 -1582.0 4856.0 0.66 0.04 1.8
-15.8 0.15 263.0 -208.0 46.0 32.7 20.0 -133.0 -1583.0 -2424.0 0.74 0.15 4.2
-15.6 0.16 239.0 -613.0 -1227.0 29.8 27.0 -81.0 -779.0 3171.0 0.75 0.12 7.3
-16.2 0.166 194.0 540.0 -283.0 32.3 10.0 -86.0 405.0 -2717.0 0.63 0.08 8.3
-16.7 0.162 218.0 -804.0 968.0 35.4 37.0 -20.0 -1672.0 -1859.0 0.65 0.07 9.0
-15.0 0.159 228.0 951.0 -2620.0 31.9 35.0 117.0 -1359.0 4582.0 0.66 0.17 6.5
-16.9 0.17 237.0 424.0 -387.0 33.8 48.0 -9.0 -426.0 -212.0 0.61 0.01 2.3
-16.3 0.165 222.0 218.0 793.0 34.9 72.0 143.0 -1409.0 1186.0 0.79 0.18 6.8
-15.7 0.168 230.0 572.0 1127.0 36.3 38.0 -105.0 1413.0 -3590.0 0.68 0.16 4.3
-16.2 0.16 218.0 655.0 -536.0 32.9 62.0 -100.0 517.0 2314.0 0.74 0.06 1.2
-15.6 0.15 256.0 218.0 538.0 33.5 41.0 82.0 -1375.0 3740.0 0.77 0.2 5.4
-16.5 0.167 249.0 507.0 2094.0 31.4 73.0 37.0 -306.0 -3150.0 0.74 0.08 5.4
-15.7 0.167 224.0 995.0 -1050.0 27.8 36.0 -125.0 1208.0 -2454.0 0.61 0.16 9.5
-16.0 0.159 226.0 -56.0 -759.0 36.3 76.0 -362.0 -1774.0 2233.0 0.77 0.13 4.1
-15.4 0.159 209.0 249.0 -2380.0 32.7 50.0 -81.0 -56.0 2994.0 0.67 0.03 4.4
-16.3 0.154 213.0 -495.0 -695.0 27.7 79.0 123.0 -1448.0 -4577.0 0.66 0.15 9.3
-15.0 0.154 227.0 76.0 2963.0 26.2 67.0 114.0 813.0 3694.0 0.76 0.05 4.6
-15.4 0.17 193.0 308.0 2967.0 35.0 20.0 -356.0 251.0 287.0 0.63 0.18 1.2
-16.5 0.168 249.0 34.0 -961.0 34.3 28.0 -65.0 -868.0 849.0 0.71 0.01 2.2
-16.6 0.168 262.0 -103.0 -2547.0 37.3 68.0 133.0 -1222.0 -1162.0 0.6 0.14 4.3
-16.2 0.17 219.0 -60.0 2716.0 31.9 56.0 120.0 1637.0 -566.0 0.62 0.1 4.7
-16.3 0.151 251.0 573.0 -523.0 37.4 73.0 188.0 1333.0 -1330.0 0.66 0.19 7.2
-15.0 0.157 261.0 272.0 249.0 29.5 17.0 -209.0 -1964.0 4801.0 0.78 0.1 1.3
-15.0 0.152 242.0 -622.0 -1147.0 30.3 50.0 -95.0 -1404.0 3695.0 0.64 0.1 5.2
-15.8 0.151 222.0 669.0 -2513.0 31.1 73.0 -50.0 1963.0 1394.0 0.73 0.1 8.8
-15.5 0.151 226.0 -628.0 43.0 37.5 51.0 -138.0 -469.0 -108.0 0.71 0.17 1.3
-16.9 0.168 215.0 -369.0 1913.0 36.8 31.0 -40.0 1148.0 -2786.0 0.61 0.08 4.4
-16.3 0.162 228.0 -378.0 -2423.0 27.7 26.0 10.0 1510.0 -4265.0 0.64 0.19 6.8
-16.5 0.161 235.0 -160.0 1217.0 31.4 33.0 -257.0 -1321.0 1834.0 0.73 0.17 6.0
-15.4 0.152 244.0 147.0 -2223.0 27.9 70.0 -182.0 930.0 -4556.0 0.67 0.08 7.1
-17.0 0.154 222.0 887.0 -2977.0 36.6 43.0 6.0 -1922.0 -1547.0 0.6 0.03 7.8
-15.3 0.169 210.0 717.0 2691.0 37.6 75.0 191.0 1081.0 1735.0 0.7 0.13 9.6
-17.0 0.159 249.0 360.0 857.0 33.3 61.0 123.0 562.0 -4881.0 0.8 0.03 4.3
-15.7 0.151 211.0 -482.0 -2423.0 31.1 19.0 -33.0 1628.0 4715.0 0.69 0.1 1.2
-16.7 0.159 218.0 255.0 81.0 36.9 60.0 -178.0 -868.0 -4996.0 0.7 0.05 3.4
-16.5 0.17 263.0 -932.0 -1035.0 27.4 55.0 -231.0 1907.0 -4189.0 0.66 0.2 3.1
-15.2 0.153 202.0 -529.0 592.0 29.9 50.0 -339.0 -1449.0 1632.0 0.62 0.14 6.5
-16.7 0.161 214.0 -68.0 2656.0 30.7 23.0 188.0 890.0 4831.0 0.75 0.03 5.6
-16.2 0.16 228.0 -454.0 580.0 28.4 38.0 -18.0 -1100.0 -4863.0 0.69 0.11 9.3
-15.7 0.169 238.0 174.0 800.0 31.5 72.0 -197.0 -175.0 -2917.0 0.74 0.08 9.4
-16.7 0.167 191.0 -941.0 1553.0 36.8 63.0 -357.0 208.0 720.0 0.72 0.13 6.1
-16.8 0.154 209.0 141.0 1168.0 28.2 75.0 -132.0 1046.0 1787.0 0.77 0.16 1.3
-15.6 0.167 220.0 375.0 166.0 26.5 65.0 -151.0 -663.0 591.0 0.72 0.13 9.6
-16.1 0.167 213.0 514.0 -24.0 33.2 52.0 -186.0 1290.0 -3484.0 0.64 0.05 5.3
-15.8 0.169 202.0 -411.0 -2537.0 32.1 20.0 -202.0 835.0 -1621.0 0.8 0.05 5.2
-16.3 0.151 251.0 295.0 -2790.0 30.5 37.0 49.0 1125.0 500.0 0.67 0.19 6.8
-16.7 0.151 233.0 562.0 -2786.0 30.8 42.0 -210.0 -1863.0 -989.0 0.62 0.05 4.0
-16.0 0.166 233.0 564.0 2295.0 34.6 44.0 143.0 1555.0 -3103.0 0.79 0.09 5.2
-16.7 0.156 262.0 440.0 -2969.0 29.4 26.0 3.0 -1280.0 -4680.0 0.68 0.03 6.1
-15.8 0.155 254.0 -26.0 2719.0 37.3 40.0 -56.0 203.0 -4504.0 0.71 0.07 2.9
-15.0 0.165 244.0 -754.0 -1628.0 26.7 40.0 -95.0 -1296.0 4630.0 0.72 0.19 4.7
-15.2 0.169 211.0 -18.0 2673.0 28.8 44.0 120.0 385.0 -1390.0 0.66 0.14 10.0
-15.5 0.167 248.0 728.0 -2355.0 30.8 64.0 72.0 -1662.0 479.0 0.8 0.03 8.4
-15.1 0.166 264.0 90.0 1832.0 33.7 69.0 -225.0 1587.0 -662.0 0.68 0.12 4.4
-15.9 0.154 193.0 -475.0 1799.0 36.9 75.0 141.0 -1421.0 -1918.0 0.73 0.0 9.7
-16.3 0.168 194.0 -336.0 2413.0 36.8 45.0 -110.0 -136.0 2139.0 0.61 0.01 9.1
-16.5 0.158 210.0 339.0 2738.0 29.2 54.0 -131.0 40.0 2433.0 0.8 0.11 6.4
-16.2 0.166 190.0 832.0 2476.0 36.1 15.0 -207.0 1690.0 -1244.0 0.68 0.1 1.2
-16.2 0.166 256.0 -986.0 121.0 28.1 12.0 -9.0 214.0 3403.0 0.67 0.02 6.4
-15.7 0.167 217.0 -638.0 235.0 32.4 58.0 -302.0 -491.0 987.0 0.72 0.09 7.4
-15.6 0.159 250.0 529.0 -1650.0 29.3 53.0 -93.0 737.0 -2657.0 0.67 0.1 9.5
-15.1 0.165 225.0 -604.0 2333.0 37.9 50.0 191.0 -1105.0 -1749.0 0.77 0.01 2.1
-16.8 0.155 259.0 127.0 1826.0 37.2 71.0 -161.0 -541.0 4975.0 0.77 0.0 1.3
-15.5 0.169 258.0 -578.0 -2686.0 35.3 10.0 54.0 -156.0 -2487.0 0.65 0.0 5.3
-15.8 0.168 249.0 967.0 -2262.0 37.2 30.0 -49.0 -736.0 1483.0 0.71 0.01 4.3
-16.6 0.161 226.0 -776.0 -2219.0 27.0 24.0 -282.0 838.0 -791.0 0.68 0.12 4.9
-15.8 0.165 261.0 777.0 -30.0 35.9 57.0 -298.0 1503.0 -1524.0 0.6 0.11 6.5
-16.4 0.15 250.0 -135.0 -553.0 31.6 55.0 103.0 1514.0 -289.0 0.67 0.17 1.2
-16.9 0.166 258.0 352.0 -887.0 35.1 69.0 -344.0 127.0 4280.0 0.61 0.03 3.5
-16.8 0.159 233.0 -78.0 -882.0 29.6 76.0 196.0 -1121.0 89.0 0.61 0.0 5.1
-16.5 0.166 197.0 -883.0 -1467.0 35.4 17.0 -41.0 -252.0 -3727.0 0.61 0.14 6.5
-16.1 0.168 196.0 -637.0 -1846.0 28.0 55.0 -177.0 1140.0 2320.0 0.76 0.12 5.6
-15.1 0.167 221.0 -444.0 -1314.0 27.6 79.0 -337.0 1585.0 3879.0 0.77 0.14 3.4
-15.5 0.163 192.0 38.0 2520.0 32.8 45.0 -224.0 -7.0 -64.0 0.79 0.03 4.0
-16.7 0.16 227.0 795.0 2545.0 26.8 11.0 -95.0 747.0 -4115.0 0.63 0.09 9.0
-15.6 0.152 227.0 -89.0 2988.0 30.0 27.0 -312.0 51.0 4034.0 0.8 0.0 7.9
-15.7 0.157 252.0 586.0 -1686.0 31.2 52.0 -374.0 1052.0 -441.0 0.78 0.19 5.0
-16.5 0.152 242.0 -835.0 -2613.0 28.6 52.0 81.0 1987.0 -3749.0 0.8 0.2 3.7
-16.5 0.152 254.0 91.0 -454.0 27.5 61.0 -341.0 1469.0 3933.0 0.72 0.09 4.2
-15.7 0.169 200.0 823.0 -29.0 29.6 65.0 -219.0 1291.0 -1855.0 0.7 0.09 6.5
-15.7 0.157 269.0 326.0 -1776.0 33.1 50.0 -72.0 950.0 1995.0 0.76 0.11 4.6
-16.1 0.168 233.0 -700.0 -849.0 27.3 22.0 -366.0 1135.0 -331.0 0.7 0.06 2.0
-15.6 0.164 195.0 -588.0 2342.0 35.0 52.0 83.0 -1800.0 -1076.0 0.65 0.09 1.0
-15.0 0.161 222.0 -886.0 2504.0 29.7 80.0 87.0 -92.0 -4367.0 0.66 0.17 1.1
-16.8 0.158 267.0 870.0 -1159.0 37.2 22.0 98.0 1859.0 -1858.0 0.69 0.07 2.5
-16.6 0.153 229.0 33.0 1364.0 32.2 36.0 -9.0 -461.0 4816.0 0.7 0.03 4.4
-16.7 0.159 203.0 -585.0 2215.0 29.2 77.0 151.0 -399.0 -3719.0 0.62 0.16 7.2
-15.1 0.163 233.0 392.0 1739.0 28.3 67.0 -268.0 -1428.0 -4735.0 0.8 0.13 1.7
-16.2 0.169 240.0 -374.0 -2317.0 34.1 34.0 66.0 -1187.0 -2046.0 0.79 0.09 2.1
-16.1 0.153 257.0 -727.0 -1223.0 33.8 32.0 -116.0 -1274.0 311.0 0.6 0.02 3.5
-15.4 0.16 237.0 -806.0 -1422.0 34.0 13.0 -310.0 580.0 -1783.0 0.67 0.12 8.8
-15.7 0.162 234.0 -550.0 -694.0 30.7 50.0 78.0 1632.0 -375.0 0.73 0.1 5.3
-15.4 0.167 206.0 196.0 2973.0 37.4 36.0 155.0 255.0 796.0 0.77 0.18 3.7
-16.4 0.158 244.0 -661.0 2710.0 36.6 67.0 38.0 10.0 2518.0 0.74 0.01 6.0
-15.0 0.163 249.0 -49.0 38.0 33.1 65.0 59.0 1170.0 1359.0 0.67 0.11 2.8
-16.5 0.161 247.0 -84.0 2240.0 31.7 37.0 -102.0 -1020.0 2173.0 0.73 0.2 3.0
-15.0 0.155 205.0 893.0 1800.0 34.3 17.0 -175.0 1876.0 1828.0 0.72 0.09 9.9
-16.0 0.152 240.0 685.0 2087.0 31.5 12.0 -135.0 -1149.0 2917.0 0.77 0.17 8.0
-15.6 0.155 198.0 -514.0 1801.0 30.1 15.0 -52.0 918.0 -31.0 0.74 0.0 4.1
-16.1 0.162 195.0 993.0 -472.0 26.9 24.0 -206.0 -20.0 -2110.0 0.61 0.03 9.1
-15.0 0.157 203.0 891.0 1304.0 29.1 32.0 -243.0 -1511.0 -3109.0 0.72 0.1 8.7
-15.4 0.154 248.0 546.0 1013.0 35.6 77.0 -102.0 1390.0 -994.0 0.69 0.14 9.2
-16.8 0.169 266.0 -784.0 7.0 27.3 68.0 -31.0 -874.0 3799.0 0.66 0.17 4.3
-15.4 0.15 252.0 -526.0 1050.0 26.9 27.0 -193.0 -1694.0 4242.0 0.69 0.05 10.0
-16.9 0.17 220.0 -624.0 -576.0 30.9 51.0 -326.0 -246.0 -860.0 0.63 0.11 7.0
-16.7 0.151 270.0 -649.0 -1955.0 37.8 52.0 135.0 -1534.0 -3372.0 0.73 0.2 7.4
-16.7 0.169 211.0 445.0 2455.0 29.3 46.0 -316.0 -619.0 -1405.0 0.77 0.12 2.9
-16.8 0.151 223.0 309.0 95.0 32.2 15.0 19.0 1076.0 -1914.0 0.71 0.03 8.1
-15.3 0.168 203.0 552.0 2142.0 27.4 29.0 -343.0 -878.0 -2648.0 0.68 0.07 6.2
-15.8 0.168 260.0 528.0 -1154.0 32.5 48.0 -298.0 1022.0 241.0 0.61 0.05 2.8
-15.6 0.161 234.0 -278.0 151.0 36.4 50.0 -295.0 -802.0 -4614.0 0.78 0.02 3.1
-15.5 0.17 261.0 -435.0 -1735.0 31.4 67.0 -156.0 1275.0 -2933.0 0.7 0.11 9.0
-16.8 0.169 201.0 559.0 1668.0 30.2 62.0 -226.0 1043.0 2201.0 0.62 0.04 8.1
-17.0 0.163 201.0 -385.0 -1853.0 35.2 34.0 -351.0 -1569.0 4493.0 0.63 0.01 1.0
-15.2 0.154 230.0 -778.0 226.0 35.7 80.0 -381.0 -50.0 1362.0 0.79 0.17 3.8
-16.9 0.163 250.0 -223.0 -2550.0 29.5 69.0 -389.0 -290.0 3561.0 0.76 0.04 8.9
-15.6 0.17 223.0 -948.0 1278.0 29.9 16.0 53.0 -802.0 -1901.0 0.76 0.08 5.1
-16.7 0.15 213.0 96.0 2401.0 35.3 29.0 -192.0 271.0 1855.0 0.74 0.18 6.8
-15.5 0.166 219.0 -207.0 1199.0 37.8 14.0 -288.0 1240.0 4181.0 0.68 0.15 5.0
-16.2 0.162 232.0 -324.0 -312.0 28.6 17.0 -166.0 327.0 3588.0 0.6 0.06 3.0
-15.2 0.163 208.0 202.0 -2615.0 34.9 32.0 125.0 1026.0 4412.0 0.65 0.2 6.7
-15.1 0.166 229.0 193.0 -223.0 28.7 64.0 -130.0 372.0 1142.0 0.78 0.06 8.6
-16.9 0.168 208.0 476.0 -1651.0 30.3 80.0 -330.0 424.0 4860.0 0.7 0.14 2.2
-16.2 0.162 224.0 882.0 -2428.0 28.5 77.0 22.0 1942.0 -2383.0 0.73 0.03 2.8
-15.7 0.152 208.0 -750.0 880.0 34.5 15.0 -333.0 -761.0 2945.0 0.73 0.16 3.6
-17.0 0.15 216.0 -868.0 -2146.0 26.7 20.0 -267.0 826.0 -4153.0 0.74 0.0 8.9
-16.8 0.154 263.0 528.0 -1170.0 30.7 21.0 -205.0 1252.0 3984.0 0.66 0.17 5.3
-16.9 0.165 226.0 902.0 -2007.0 31.5 19.0 -400.0 164.0 2192.0 0.79 0.01 9.1
-16.3 0.153 253.0 -474.0 -1987.0 28.8 54.0 12.0 72.0 3991.0 0.77 0.03 4.8
-17.0 0.166 210.0 -315.0 2801.0 30.7 60.0 -212.0 118.0 4973.0 0.66 0.05 5.8
-16.9 0.163 193.0 -562.0 497.0 30.2 79.0 -316.0 898.0 4619.0 0.64 0.04 4.3
-15.2 0.155 193.0 -605.0 1899.0 37.3 38.0 -145.0 -1648.0 -642.0 0.71 0.17 7.1
-15.1 0.15 202.0 627.0 1523.0 30.7 61.0 26.0 -1695.0 3709.0 0.7 0.1 8.2
-15.9 0.17 229.0 -197.0 -1268.0 33.8 54.0 -168.0 -691.0 3707.0 0.67 0.16 8.6
-15.2 0.156 239.0 -717.0 -664.0 31.5 79.0 -39.0 -1662.0 4439.0 0.63 0.07 9.4
-15.1 0.166 227.0 -965.0 -834.0 26.9 11.0 185.0 1557.0 192.0 0.63 0.15 7.1
-16.9 0.169 234.0 -853.0 -665.0 31.6 69.0 -242.0 -1511.0 3221.0 0.8 0.17 7.7
-15.3 0.168 231.0 -309.0 -2892.0 36.2 76.0 -192.0 -1422.0 -1888.0 0.75 0.06 8.5
-16.8 0.158 232.0 -321.0 -771.0 36.0 22.0 -108.0 629.0 4849.0 0.75 0.05 7.8
-15.2 0.161 253.0 -483.0 774.0 31.0 54.0 45.0 1410.0 -1043.0 0.75 0.1 2.9
-16.3 0.159 229.0 392.0 -1877.0 30.0 41.0 5.0 -512.0 3636.0 0.62 0.14 8.0
-15.1 0.156 254.0 -61.0 2621.0 30.8 46.0 -195.0 253.0 3288.0 0.66 0.07 5.0
-16.8 0.151 239.0 808.0 -803.0 29.6 34.0 -392.0 -1197.0 -1698.0 0.66 0.18 5.8
-15.7 0.165 232.0 263.0 -329.0 36.6 59.0 -11.0 -1485.0 4494.0 0.77 0.06 8.4
-16.1 0.152 217.0 -862.0 2794.0 28.9 16.0 188.0 772.0 -438.0 0.78 0.12 6.7
-15.9 0.167 232.0 373.0 215.0 33.1 29.0 -103.0 -1593.0 -2983.0 0.75 0.12 1.4
-15.8 0.155 201.0 -310.0 1358.0 37.4 60.0 -193.0 -1677.0 1355.0 0.62 0.12 3.6
-15.0 0.166 259.0 -813.0 406.0 27.9 57.0 154.0 -1269.0 -65.0 0.79 0.06 5.8
-16.2 0.154 198.0 653.0 -2964.0 38.0 64.0 120.0 -1025.0 -3457.0 0.61 0.03 9.2
-15.7 0.158 259.0 -453.0 1349.0 34.6 12.0 -360.0 237.0 -1679.0 0.74 0.12 5.0
-16.9 0.156 227.0 -287.0 -2726.0 31.3 77.0 -338.0 -1903.0 -1587.0 0.61 0.13 3.0
-15.8 0.168 204.0 -703.0 -2712.0 29.3 15.0 -92.0 -1538.0 1664.0 0.61 0.03 3.9
-16.4 0.168 229.0 -571.0 -1295.0 26.8 72.0 33.0 -1453.0 -937.0 0.65 0.05 4.3
-16.1 0.159 220.0 882.0 887.0 32.4 78.0 -193.0 1344.0 2949.0 0.79 0.01 7.0
-15.2 0.156 247.0 -200.0 -2376.0 36.9 55.0 -157.0 1324.0 4484.0 0.64 0.05 2.0
-16.1 0.158 251.0 -31.0 -74.0 29.0 17.0 -51.0 -1760.0 3056.0 0.67 0.05 5.5
-16.3 0.163 227.0 -826.0 -460.0 36.3 75.0 -319.0 49.0 4084.0 0.67 0.18 6.7
-15.2 0.161 269.0 -502.0 -110.0 29.6 32.0 86.0 1364.0 3562.0 0.69 0.09 8.3
-15.5 0.153 214.0 483.0 1215.0 27.8 47.0 132.0 37.0 -616.0 0.75 0.02 3.2
-16.2 0.156 246.0 517.0 -612.0 29.5 42.0 -39.0 -611.0 4794.0 0.71 0.07 4.4
-16.7 0.151 263.0 -174.0 -2859.0 33.5 69.0 -255.0 -1928.0 251.0 0.71 0.06 1.6
-15.5 0.166 256.0 -988.0 2017.0 31.2 66.0 -328.0 -8.0 -515.0 0.65 0.18 1.6
-16.8 0.151 232.0 858.0 -1353.0 26.0 54.0 -144.0 -1215.0 -1435.0 0.62 0.14 8.8
-15.4 0.161 198.0 696.0 -313.0 30.4 59.0 -128.0 -43.0 -3252.0 0.62 0.13 4.7
-17.0 0.169 216.0 -612.0 -1495.0 33.8 80.0 61.0 1380.0 -2253.0 0.68 0.18 3.2
-15.3 0.162 247.0 -607.0 -307.0 34.5 58.0 173.0 21.0 -568.0 0.78 0.03 2.1
-15.3 0.162 250.0 -88.0 -679.0 35.5 49.0 -199.0 821.0 -3271.0 0.79 0.13 6.2
-16.5 0.152 245.0 678.0 1089.0 28.3 30.0 -144.0 -1812.0 4471.0 0.68 0.13 1.8
-17.0 0.15 234.0 -2.0 -2739.0 37.4 68.0 -263.0 -1291.0 -1308.0 0.71 0.1 2.8
-16.1 0.163 270.0 -898.0 1269.0 27.2 67.0 -64.0 -863.0 462.0 0.73 0.13 2.5
-16.3 0.162 191.0 55.0 -2375.0 30.3 15.0 199.0 51.0 -3300.0 0.62 0.14 4.6
-15.6 0.158 262.0 -4.0 121.0 31.3 49.0 137.0 1250.0 -4857.0 0.6 0.18 5.5
-15.1 0.155 268.0 643.0 -1001.0 35.4 16.0 187.0 236.0 -4011.0 0.71 0.02 4.2
-15.1 0.15 216.0 -950.0 -2953.0 37.6 75.0 -211.0 -787.0 -3075.0 0.73 0.04 7.7
-15.0 0.168 228.0 -797.0 82.0 36.4 30.0 -151.0 -1644.0 3729.0 0.76 0.09 7.2
-15.6 0.161 190.0 341.0 -1979.0 29.0 46.0 -110.0 -566.0 -93.0 0.65 0.19 7.2
-16.7 0.17 235.0 230.0 -2650.0 36.4 23.0 45.0 1796.0 -969.0 0.78 0.17 2.0
-16.6 0.153 263.0 978.0 2500.0 27.7 63.0 -240.0 -40.0 4978.0 0.78 0.2 9.5
-15.0 0.158 215.0 -696.0 -2766.0 35.9 54.0 -199.0 1179.0 454.0 0.69 0.18 9.6
-16.5 0.165 254.0 -794.0 -2713.0 33.8 66.0 -343.0 1361.0 -4848.0 0.77 0.02 2.7
-16.9 0.163 244.0 -440.0 -270.0 31.1 41.0 23.0 1342.0 4009.0 0.68 0.17 1.3
-17.0 0.158 205.0 671.0 2319.0 30.5 39.0 77.0 -1337.0 4037.0 0.68 0.04 1.8
-15.6 0.15 242.0 879.0 1110.0 28.1 11.0 118.0 -546.0 4416.0 0.65 0.04 4.9
-17.0 0.157 245.0 -876.0 2509.0 37.0 30.0 -140.0 1491.0 -4351.0 0.64 0.18 3.8
-16.7 0.157 203.0 644.0 -463.0 30.5 17.0 -189.0 524.0 -2299.0 0.72 0.2 7.7
-16.0 0.165 252.0 591.0 -1551.0 30.3 78.0 195.0 450.0 4925.0 0.76 0.0 1.1
-16.4 0.162 207.0 -495.0 -1570.0 32.1 13.0 -365.0 -1561.0 -1873.0 0.61 0.1 7.5
-15.3 0.157 247.0 -684.0 144.0 30.2 18.0 -351.0 1222.0 -3566.0 0.77 0.08 6.8
-16.6 0.158 264.0 -476.0 -916.0 29.9 50.0 197.0 251.0 2971.0 0.73 0.01 3.5
-16.8 0.157 236.0 -504.0 211.0 37.5 12.0 -272.0 -1749.0 -2207.0 0.73 0.04 7.8
-16.1 0.168 255.0 -340.0 -2180.0 30.1 51.0 -262.0 0.0 3825.0 0.76 0.13 3.2
-16.3 0.155 250.0 -350.0 -2209.0 34.5 29.0 -317.0 788.0 -3185.0 0.67 0.04 9.2
-16.5 0.169 269.0 126.0 456.0 35.3 21.0 -19.0 -924.0 -2126.0 0.66 0.18 6.4
-16.3 0.153 227.0 -407.0 251.0 37.2 57.0 -38.0 -244.0 1300.0 0.63 0.06 2.9
-15.4 0.154 204.0 -618.0 2830.0 28.3 23.0 -389.0 -1092.0 3125.0 0.77 0.06 9.3
-16.9 0.166 260.0 769.0 875.0 35.6 67.0 46.0 -963.0 4895.0 0.76 0.15 7.6
-16.2 0.166 246.0 -347.0 -1995.0 37.0 46.0 -4.0 251.0 -3935.0 0.68 0.07 7.9
-15.4 0.151 194.0 772.0 -2528.0 36.5 10.0 -307.0 -1255.0 -444.0 0.69 0.16 1.6
-16.7 0.159 240.0 -891.0 -2005.0 30.0 28.0 165.0 133.0 -2527.0 0.68 0.0 9.7
-15.7 0.168 239.0 690.0 -2439.0 29.5 75.0 -238.0 -1712.0 1647.0 0.67 0.19 2.8
-16.8 0.17 225.0 -475.0 502.0 29.3 13.0 -217.0 506.0 -2490.0 0.6 0.04 9.0
-16.2 0.154 254.0 83.0 -1560.0 36.7 76.0 11.0 -1880.0 3657.0 0.72 0.04 4.3
-16.5 0.166 211.0 286.0 627.0 35.8 16.0 -372.0 815.0 -668.0 0.65 0.05 4.1
-17.0 0.166 233.0 891.0 -2085.0 33.6 37.0 15.0 -1983.0 -3341.0 0.65 0.15 4.4
-16.3 0.15 251.0 -542.0 1631.0 26.4 17.0 -312.0 1836.0 4415.0 0.62 0.02 2.1
-16.0 0.156 215.0 406.0 -287.0 30.6 70.0 159.0 1839.0 -1487.0 0.7 0.2 6.7
-16.0 0.159 238.0 602.0 331.0 27.3 79.0 -379.0 925.0 3464.0 0.77 0.06 8.2
-16.4 0.153 204.0 354.0 -1193.0 29.7 46.0 47.0 1996.0 1025.0 0.6 0.11 5.3
-16.0 0.168 263.0 -293.0 -702.0 27.7 51.0 -339.0 436.0 2158.0 0.76 0.07 5.1
-15.6 0.156 199.0 -319.0 -969.0 28.8 73.0 -18.0 1062.0 -3674.0 0.74 0.2 9.1
-15.9 0.161 264.0 -218.0 1812.0 31.2 29.0 -23.0 991.0 -4605.0 0.7 0.07 9.0
-15.5 0.16 221.0 -598.0 2153.0 37.2 45.0 -54.0 -896.0 1975.0 0.8 0.11 4.0
-16.2 0.167 234.0 529.0 -1613.0 29.3 66.0 -6.0 808.0 -276.0 0.75 0.2 1.7
-16.5 0.165 260.0 -145.0 -1500.0 35.3 27.0 173.0 -1808.0 -2435.0 0.66 0.05 3.2
-15.1 0.151 216.0 -148.0 -943.0 27.7 34.0 -396.0 -320.0 2164.0 0.69 0.06 5.6
-16.3 0.158 237.0 -520.0 1786.0 26.9 58.0 -151.0 1212.0 3601.0 0.75 0.09 7.6
-15.4 0.17 230.0 -222.0 -832.0 35.1 36.0 80.0 1736.0 -2457.0 0.62 0.07 7.8
-16.3 0.161 248.0 -686.0 -2296.0 36.0 38.0 -3.0 1106.0 -3773.0 0.67 0.15 3.2
-16.6 0.153 246.0 -731.0 -1053.0 37.9 30.0 24.0 52.0 4287.0 0.79 0.13 9.5
-15.7 0.17 192.0 -247.0 -76.0 36.7 37.0 -396.0 1653.0 4126.0 0.68 0.03 2.5
-16.8 0.162 256.0 786.0 -2701.0 35.7 36.0 -7.0 361.0 -3123.0 0.7 0.04 2.0
-15.7 0.153 199.0 -651.0 -438.0 37.4 48.0 125.0 37.0 -404.0 0.73 0.14 9.5
-15.9 0.156 199.0 -874.0 -1462.0 37.0 36.0 -154.0 860.0 88.0 0.77 0.16 6.5
-15.0 0.156 234.0 -391.0 -567.0 26.0 11.0 -344.0 1466.0 -4167.0 0.68 0.18 6.0
-16.7 0.157 229.0 639.0 614.0 28.3 74.0 -57.0 330.0 4334.0 0.74 0.12 1.5
-16.1 0.155 203.0 -50.0 120.0 28.1 54.0 -35.0 -1897.0 -785.0 0.7 0.18 9.2
-15.9 0.167 220.0 510.0 532.0 33.2 50.0 22.0 -1492.0 -1877.0 0.61 0.04 8.8
-15.6 0.15 266.0 718.0 925.0 27.6 15.0 -254.0 -1190.0 -4140.0 0.71 0.01 1.9
-15.6 0.167 246.0 790.0 2053.0 26.1 79.0 -393.0 882.0 1529.0 0.78 0.08 7.6
-15.7 0.165 251.0 -875.0 -449.0 27.2 34.0 -196.0 -168.0 -3710.0 0.69 0.1 1.8
-16.3 0.158 209.0 426.0 -2558.0 33.4 64.0 -77.0 119.0 -2689.0 0.71 0.1 2.3
-16.4 0.163 253.0 646.0 -2859.0 35.1 74.0 60.0 -162.0 -2831.0 0.63 0.11 3.9
-17.0 0.165 222.0 560.0 -1805.0 27.1 76.0 164.0 -1804.0 -2170.0 0.68 0.03 3.7
-15.9 0.159 248.0 68.0 -2172.0 36.8 68.0 46.0 949.0 -2661.0 0.72 0.12 5.6
-15.7 0.152 206.0 -998.0 161.0 31.7 67.0 167.0 -1074.0 2410.0 0.72 0.17 5.5
-15.9 0.17 225.0 940.0 2253.0 30.4 73.0 -73.0 -1846.0 4693.0 0.6 0.11 5.6
-16.8 0.155 270.0 941.0 -1101.0 30.1 69.0 9.0 982.0 -2713.0 0.77 0.11 4.8
-16.1 0.159 231.0 -705.0 -1217.0 28.3 69.0 52.0 -628.0 4439.0 0.68 0.08 5.8
-16.4 0.156 269.0 -940.0 -2223.0 37.4 20.0 -232.0 798.0 3400.0 0.77 0.2 8.4
-17.0 0.167 233.0 88.0 1439.0 30.7 15.0 144.0 -1776.0 4305.0 0.62 0.08 2.4
-15.9 0.16 244.0 -665.0 2652.0 32.2 28.0 149.0 1345.0 3528.0 0.79 0.06 7.0
-16.6 0.169 246.0 939.0 1141.0 33.6 75.0 148.0 250.0 4735.0 0.66 0.04 6.6
-17.0 0.152 209.0 826.0 2254.0 30.0 68.0 -170.0 1731.0 4522.0 0.64 0.14 5.2
-16.8 0.17 223.0 -790.0 -1014.0 38.0 42.0 -62.0 -952.0 3747.0 0.61 0.13 8.4
-15.3 0.169 213.0 449.0 -351.0 37.6 49.0 25.0 884.0 -3389.0 0.8 0.05 8.6
-17.0 0.165 200.0 275.0 -2418.0 27.1 67.0 -13.0 23.0 3422.0 0.63 0.19 3.3
-15.5 0.166 193.0 -360.0 2806.0 26.0 41.0 -361.0 -259.0 -558.0 0.6 0.13 7.5
-17.0 0.159 225.0 976.0 2406.0 28.6 24.0 -396.0 -682.0 1409.0 0.7 0.01 3.5
-16.6 0.16 261.0 263.0 1843.0 36.0 65.0 -31.0 305.0 1647.0 0.63 0.2 3.4
-16.1 0.168 222.0 -332.0 -1666.0 31.8 69.0 188.0 -526.0 3153.0 0.75 0.16 4.7
-15.2 0.158 235.0 -987.0 1229.0 34.3 79.0 -142.0 1191.0 -704.0 0.71 0.1 1.6
-16.0 0.165 202.0 -678.0 1205.0 33.7 32.0 52.0 1923.0 -3732.0 0.79 0.03 1.3
-15.3 0.15 227.0 794.0 935.0 35.9 67.0 64.0 645.0 -4258.0 0.62 0.13 5.1
-15.3 0.168 231.0 195.0 -397.0 32.0 46.0 -150.0 -1901.0 3994.0 0.73 0.1 2.9
-15.8 0.151 235.0 846.0 1083.0 31.8 30.0 -209.0 1361.0 4007.0 0.63 0.19 4.7
-16.5 0.169 212.0 -767.0 -1280.0 32.5 38.0 -24.0 1188.0 -4657.0 0.71 0.14 8.2
-15.3 0.15 240.0 -565.0 -203.0 33.1 20.0 -28.0 -1559.0 -1218.0 0.8 0.19 2.1
-15.4 0.162 249.0 829.0 2418.0 26.6 69.0 -13.0 1806.0 2441.0 0.79 0.09 1.8
-16.3 0.163 257.0 -216.0 1362.0 26.9 44.0 90.0 1712.0 -1336.0 0.63 0.04 6.0
-16.5 0.159 190.0 -452.0 2730.0 33.0 31.0 163.0 -378.0 4851.0 0.74 0.18 1.0
-15.1 0.153 232.0 317.0 -1105.0 35.6 59.0 -377.0 1413.0 700.0 0.72 0.13 2.1
-16.5 0.164 253.0 784.0 1749.0 26.4 51.0 -289.0 124.0 537.0 0.74 0.15 1.0
-16.2 0.156 267.0 -316.0 390.0 33.3 70.0 -98.0 1971.0 -3934.0 0.61 0.17 7.1
-15.3 0.167 248.0 97.0 -1816.0 26.9 75.0 -168.0 431.0 -3885.0 0.6 0.11 3.2
-16.8 0.152 199.0 819.0 1531.0 31.6 30.0 -56.0 -1984.0 3227.0 0.71 0.17 8.4
-17.0 0.158 205.0 159.0 -178.0 33.8 10.0 22.0 698.0 -3693.0 0.64 0.12 5.2
-16.4 0.155 194.0 -509.0 -260.0 27.0 76.0 108.0 1696.0 893.0 0.72 0.11 3.2
-15.1 0.163 255.0 -441.0 -1456.0 29.0 45.0 193.0 -490.0 -2801.0 0.71 0.19 8.8
-15.4 0.165 191.0 807.0 1151.0 31.9 75.0 -56.0 -928.0 1118.0 0.73 0.14 8.4
-15.8 0.17 266.0 72.0 -77.0 30.9 59.0 168.0 59.0 3754.0 0.67 0.16 2.2
-15.9 0.157 237.0 48.0 1691.0 33.5 56.0 -96.0 1519.0 2572.0 0.62 0.08 7.9
-16.8 0.15 241.0 132.0 -1023.0 30.9 77.0 -238.0 912.0 -2205.0 0.7 0.2 8.6
-16.0 0.15 258.0 750.0 1642.0 33.3 36.0 -148.0 527.0 3143.0 0.72 0.12 2.0
-15.0 0.167 250.0 888.0 1151.0 37.6 65.0 -299.0 -1516.0 -321.0 0.71 0.14 5.0
-16.2 0.156 222.0 -865.0 -604.0 28.7 28.0 -312.0 -512.0 -3575.0 0.77 0.02 1.4
-16.3 0.153 190.0 -840.0 -1619.0 28.9 69.0 -87.0 1788.0 -528.0 0.64 0.07 5.5
-16.1 0.167 194.0 -7.0 811.0 33.8 42.0 -21.0 -748.0 2565.0 0.68 0.12 5.7
-15.6 0.17 190.0 -585.0 -2220.0 27.5 11.0 -320.0 -347.0 3159.0 0.69 0.08 6.2
-15.6 0.163 233.0 -718.0 69.0 36.7 30.0 -394.0 203.0 2682.0 0.65 0.0 4.1
-15.7 0.165 193.0 -143.0 2145.0 35.1 23.0 124.0 -1992.0 2110.0 0.8 0.19 1.1
-16.8 0.16 261.0 -71.0 1318.0 28.6 76.0 -132.0 1877.0 1781.0 0.63 0.19 8.3
-15.4 0.156 191.0 410.0 -1313.0 33.0 64.0 138.0 1278.0 -3510.0 0.65 0.01 4.8
-16.0 0.159 225.0 -772.0 290.0 37.4 17.0 -220.0 717.0 -725.0 0.74 0.03 6.2
-16.2 0.162 214.0 381.0 -1481.0 30.2 21.0 184.0 -257.0 -2806.0 0.64 0.09 1.3
-15.6 0.168 251.0 703.0 -749.0 34.9 63.0 125.0 -1917.0 1676.0 0.76 0.04 9.1
-16.7 0.154 210.0 389.0 -403.0 35.6 19.0 -11.0 -868.0 1294.0 0.64 0.14 5.0
-15.4 0.159 206.0 -18.0 -545.0 28.1 37.0 -252.0 205.0 -2331.0 0.67 0.06 6.1
-15.7 0.161 193.0 986.0 1979.0 36.1 27.0 108.0 -387.0 2922.0 0.67 0.0 9.5
-16.2 0.152 220.0 721.0 475.0 26.8 78.0 -238.0 -1767.0 2872.0 0.8 0.18 2.5
-15.8 0.162 252.0 888.0 -2506.0 35.5 74.0 169.0 367.0 356.0 0.6 0.05 8.7
-16.6 0.166 236.0 690.0 -903.0 30.6 48.0 -186.0 1506.0 -3901.0 0.6 0.17 1.9
-15.8 0.169 231.0 -486.0 1600.0 28.6 50.0 -136.0 17.0 -38.0 0.7 0.01 8.5
-15.0 0.164 223.0 847.0 -93.0 28.7 59.0 153.0 -1712.0 2964.0 0.64 0.0 7.7
-16.8 0.156 201.0 210.0 1251.0 26.2 54.0 -378.0 -1758.0 -2640.0 0.71 0.03 8.2
-15.6 0.158 193.0 278.0 505.0 33.2 63.0 -151.0 1608.0 2935.0 0.61 0.08 2.1
-15.8 0.15 261.0 566.0 -1208.0 32.2 73.0 -322.0 1849.0 -1147.0 0.73 0.11 9.0
