   8    13  -5.30052
   8    14  -6.10376
   8    17  -7.13928
   8    18  -7.20621
   8    19  -7.19104
   8    22  -6.84115
   8    23  -6.66442
   9    18  -7.19546
   9    20  -7.42956
   9    21  -7.42967
   9    22  -7.37565
   9    25  -7.00456
   9    26  -6.83759
   9    28  -6.47006
  10    16  -5.46435
  10    18  -6.75671
  10    20  -7.38769
  10    22  -7.61214
  10    29  -6.97993
  10    31  -6.63847
  11    18  -5.90075
  11    19  -6.52762
  11    21  -7.32138
  11    22  -7.54720
  11    24  -7.76295
  11    27  -7.70215
  11    30  -7.38493
  11    32  -7.09846
  11    34  -6.77992
  12    21  -6.78013
  12    24  -7.68079
  12    26  -7.88870
  12    27  -7.91548
  12    28  -7.90329
  12    29  -7.85932
  12    30  -7.78955
  12    31  -7.69888
  12    32  -7.59130
  13    23  -6.98688
  13    26  -7.79339
  13    27  -7.91954
  13    29  -8.02613
  13    30  -8.02283
  13    32  -7.93371
  13    33  -7.85723
  13    34  -7.76447
  13    35  -7.65829
  13    36  -7.54129
  13    41  -6.85725
  14    31  -8.11904
  14    32  -8.12301
  14    34  -8.05467
  14    35  -7.99042
  14    37  -7.81743
  14    41  -7.35535
  14    43  -7.09101
  15    27  -7.30193
  15    29  -7.80701
  15    30  -7.96953
  15    32  -8.15796
  15    35  -8.19245
  15    36  -8.15656
  15    37  -8.10287
  15    38  -8.03410
  15    39  -7.95269
  15    41  -7.75962
  15    47  -7.03866
  15    48  -6.90795
  16    29  -7.42300
  16    31  -7.88580
  16    32  -8.03829
  16    36  -8.27817
  16    38  -8.24252
  16    39  -8.19800
  16    42  -7.98629
  16    44  -7.79805
  16    46  -7.58463
  16    47  -7.47107
  16    48  -7.35403
  16    51  -6.98855
  17    30  -7.22706
  17    31  -7.52563
  17    36  -8.27472
  17    37  -8.31864
  17    39  -8.33570
  17    41  -8.27862
  17    46  -7.92479
  17    48  -7.73007
  17    53  -7.17656
  18    32  -7.33957
  18    33  -7.61293
  18    34  -7.83415
  18    35  -8.00993
  18    36  -8.14617
  18    40  -8.38792
  18    43  -8.34691
  18    44  -8.30435
  18    45  -8.25038
  18    48  -8.03441
  18    50  -7.85682
  18    53  -7.55735
  18    54  -7.45132
  19    34  -7.43535
  19    36  -7.89319
  19    37  -8.05837
  19    39  -8.28625
  19    40  -8.35719
  19    41  -8.40403
  19    43  -8.43703
  19    46  -8.36888
  19    47  -8.32214
  19    48  -8.26587
  19    51  -8.05111
  19    52  -7.96742
  19    53  -7.87904
  19    54  -7.78663
  19    55  -7.69075
  19    56  -7.59197
  19    59  -7.28265
  20    36  -7.51718
  20    37  -7.75094
  20    39  -8.09932
  20    41  -8.31823
  20    43  -8.43623
  20    45  -8.47548
  20    46  -8.47116
  20    47  -8.45334
  20    49  -8.38335
  20    50  -8.33384
  20    51  -8.27624
  20    55  -7.98273
  20    56  -7.89737
  20    57  -7.80843
  20    58  -7.71646
  20    59  -7.62189
  20    62  -7.32636
  21    42  -8.25214
  21    44  -8.41387
  21    46  -8.49304
  21    49  -8.49415
  21    52  -8.39204
  21    53  -8.34075
  21    55  -8.21807
  21    57  -8.07357
  21    58  -7.99476
  21    59  -7.91202
  21    60  -7.82667
  21    61  -7.73832
  21    62  -7.64764
  21    64  -7.46060
  22    42  -8.02183
  22    43  -8.16240
  22    47  -8.48384
  22    50  -8.53678
  22    51  -8.52808
  22    52  -8.50859
  22    53  -8.47939
  22    54  -8.44162
  22    55  -8.39613
  22    57  -8.28543
  22    58  -8.22166
  22    62  -7.92432
  22    63  -7.84179
  22    64  -7.75684
  22    68  -7.39870
  22    70  -7.21229
  23    43  -7.89028
  23    44  -8.05187
  23    46  -8.29554
  23    47  -8.38300
  23    48  -8.45067
  23    54  -8.54084
  23    57  -8.44341
  23    59  -8.34374
  23    62  -8.15562
  23    66  -7.85418
  23    69  -7.60330
  23    73  -7.24970
  23    74  -7.15925
  24    45  -7.92319
  24    46  -8.07672
  24    48  -8.31081
  24    49  -8.39612
  24    50  -8.46296
  24    51  -8.51323
  24    55  -8.57859
  24    56  -8.56738
  24    57  -8.54723
  24    62  -8.34109
  24    66  -8.08719
  24    67  -8.01533
  24    68  -7.94085
  24    71  -7.70468
  24    72  -7.62260
  24    74  -7.45466
  24    77  -7.19604
  25    47  -7.95067
  25    50  -8.32242
  25    51  -8.40571
  25    52  -8.47181
  25    54  -8.55881
  25    56  -8.59473
  25    59  -8.57253
  25    61  -8.51757
  25    64  -8.38910
  25    65  -8.33634
  25    66  -8.27938
  25    67  -8.21871
  25    68  -8.15469
  25    73  -7.79578
  25    74  -7.71815
  25    75  -7.63911
  25    77  -7.47754
  25    79  -7.31239
  26    49  -7.97333
  26    51  -8.23168
  26    56  -8.56572
  26    57  -8.59117
  26    59  -8.61018
  26    61  -8.59298
  26    67  -8.38217
  26    72  -8.08657
  26    73  -8.01899
  26    77  -7.72932
  26    81  -7.41834
  26    82  -7.33849
  27    51  -7.99168
  27    52  -8.12574
  27    55  -8.41574
  27    56  -8.48037
  27    60  -8.61311
  27    63  -8.60908
  27    64  -8.59242
  27    68  -8.46575
  27    69  -8.42168
  27    71  -8.32174
  27    72  -8.26657
  27    73  -8.20835
  27    74  -8.14743
  27    75  -8.08404
  27    76  -8.01846
  27    77  -7.95089
  27    81  -7.66487
  27    83  -7.51480
  27    86  -7.28398
  27    87  -7.20598
  28    54  -8.13497
  28    58  -8.48064
  28    60  -8.57073
  28    61  -8.59905
  28    62  -8.61746
  28    70  -8.49574
  28    71  -8.45557
  28    73  -8.36354
  28    77  -8.14189
  28    81  -7.88396
  28    83  -7.74554
  28    84  -7.67457
  28    87  -7.45608
  28    90  -7.23174
  29    54  -7.87463
  29    55  -8.01732
  29    56  -8.14126
  29    58  -8.33900
  29    59  -8.41547
  29    60  -8.47865
  29    61  -8.52963
  29    63  -8.59893
  29    64  -8.61900
  29    69  -8.60281
  29    70  -8.58050
  29    71  -8.55306
  29    78  -8.24881
  29    80  -8.13523
  29    81  -8.07528
  29    83  -7.94995
  29    88  -7.61285
  29    89  -7.54246
  29    93  -7.25464
  30    56  -7.88830
  30    57  -8.02531
  30    59  -8.24833
  30    63  -8.52554
  30    73  -8.57049
  30    74  -8.54160
  30    76  -8.47148
  30    79  -8.34016
  30    81  -8.23847
  30    83  -8.12762
  30    84  -8.06927
  30    85  -8.00922
  30    87  -7.88460
  30    89  -7.75495
  30    92  -7.55322
  30    93  -7.48446
  30    97  -7.20432
  31    58  -7.89869
  31    61  -8.24646
  31    68  -8.61476
  31    69  -8.62976
  31    70  -8.63740
  31    72  -8.63298
  31    76  -8.55844
  31    78  -8.49469
  31    81  -8.37335
  31    87  -8.06235
  31    94  -7.62805
  31    95  -7.56218
  31    97  -7.42854
  31    98  -7.36096
  31   100  -7.22458
  32    60  -7.90612
  32    61  -8.03319
  32    62  -8.14497
  32    65  -8.39957
  32    74  -8.63543
  32    76  -8.61308
  32    79  -8.54466
  32    86  -8.26542
  32    87  -8.21547
  32    88  -8.16356
  32    89  -8.10990
  32    91  -7.99785
  32    93  -7.88046
  32   100  -7.44007
  32   101  -7.37463
  32   102  -7.30877
  33    62  -7.91082
  33    70  -8.54377
  33    72  -8.60217
  33    73  -8.62011
  33    76  -8.63534
  33    80  -8.58161
  33    81  -8.55738
  33    82  -8.52947
  33    83  -8.49816
  33    86  -8.38625
  33    87  -8.34368
  33    88  -8.29883
  33    90  -8.20296
  33    91  -8.15226
  33   100  -7.63709
  33   101  -7.57526
  33   103  -7.44984
  34    65  -8.03180
  34    66  -8.13695
  34    72  -8.53311
  34    73  -8.56691
  34    74  -8.59319
  34    76  -8.62520
  34    79  -8.62884
  34    80  -8.61981
  34    84  -8.54174
  34    85  -8.51313
  34    87  -8.44688
  34    89  -8.36992
  34    90  -8.32791
  34    91  -8.28379
  34    92  -8.23773
  34    93  -8.18986
  34    95  -8.08931
  34    96  -8.03688
  34    97  -7.98316
  34    99  -7.87232
  34   102  -7.69894
  34   103  -7.63961
  34   107  -7.39651
  34   108  -7.33462
  34   110  -7.20984
  35    67  -8.02810
  35    69  -8.22066
  35    72  -8.42842
  35    73  -8.47890
  35    74  -8.52105
  35    76  -8.58264
  35    77  -8.60310
  35    79  -8.62564
  35    81  -8.62636
  35    82  -8.61947
  35    83  -8.60818
  35    86  -8.55094
  35    87  -8.52492
  35    90  -8.42934
  35    92  -8.35304
  35    93  -8.31161
  35    95  -8.22310
  35    96  -8.17627
  35    97  -8.12790
  35    98  -8.07811
  35    99  -8.02702
  35   101  -7.92132
  35   102  -7.86694
  35   107  -7.58273
  35   108  -7.52397
  35   111  -7.34494
  35   112  -7.28454
  36    68  -7.91113
  36    69  -8.02266
  36    72  -8.28814
  36    77  -8.54262
  36    78  -8.57064
  36    80  -8.60771
  36    82  -8.62217
  36    84  -8.61695
  36    86  -8.59460
  36    88  -8.55736
  36    89  -8.53375
  36    93  -8.41124
  36    96  -8.29490
  36    97  -8.25231
  36   102  -8.01658
  36   104  -7.91369
  36   109  -7.64117
  36   110  -7.58464
  36   113  -7.41206
  37    71  -8.01560
  37    76  -8.40042
  37    77  -8.45055
  37    82  -8.59658
  37    87  -8.60520
  37    88  -8.59411
  37    89  -8.57936
  37    93  -8.48859
  37    95  -8.42692
  37    96  -8.39263
  37    97  -8.35625
  37    98  -8.31793
  37   102  -8.14778
  37   103  -8.10160
  37   105  -8.00562
  37   106  -7.95600
  37   108  -7.85392
  37   112  -7.64039
  37   113  -7.58545
  37   115  -7.47407
  37   116  -7.41774
  37   118  -7.30408
  38    73  -8.00704
  38    76  -8.26091
  38    78  -8.38476
  38    80  -8.47744
  38    81  -8.51331
  38    86  -8.60430
  38    89  -8.60065
  38    91  -8.57879
  38    92  -8.56273
  38    93  -8.54356
  38    94  -8.52151
  38    98  -8.40764
  38    99  -8.37359
  38   100  -8.33761
  38   101  -8.29983
  38   104  -8.17680
  38   105  -8.13294
  38   106  -8.08782
  38   112  -7.79546
  38   113  -7.74382
  38   114  -7.69154
  38   115  -7.63866
  38   116  -7.58523
  38   117  -7.53132
  38   120  -7.36708
  39    74  -7.89459
  39    75  -7.99710
  39    78  -8.24571
  39    80  -8.36816
  39    82  -8.46078
  39    83  -8.49700
  39    86  -8.57028
  39    87  -8.58410
  39    90  -8.59794
  39    92  -8.58698
  39    93  -8.57615
  39    94  -8.56211
  39    98  -8.47708
  39   107  -8.16070
  39   112  -7.93510
  39   113  -7.88707
  39   114  -7.83823
  39   119  -7.58407
  39   120  -7.53162
  39   121  -7.47874
  39   122  -7.42547
  39   123  -7.37184
  39   126  -7.20933
  40    76  -7.88598
  40    77  -7.98591
  40    85  -8.47974
  40    87  -8.53547
  40    88  -8.55533
  40    89  -8.57025
  40    90  -8.58054
  40    91  -8.58645
  40    94  -8.58068
  40    95  -8.57166
  40    96  -8.55943
  40    99  -8.50554
  40   100  -8.48241
  40   103  -8.39955
  40   114  -7.96993
  40   116  -7.87712
  40   117  -7.82953
  40   119  -7.73226
  40   122  -7.58202
  40   127  -7.32298
  41    78  -7.87606
  41    79  -7.97353
  41    80  -8.06170
  41    82  -8.21248
  41    83  -8.27598
  41    86  -8.42464
  41    88  -8.49274
  41    89  -8.51852
  41    90  -8.53927
  41    91  -8.55522
  41    94  -8.57723
  41    95  -8.57673
  41    99  -8.54156
  41   100  -8.52541
  41   110  -8.24385
  41   111  -8.20637
  41   113  -8.12764
  41   114  -8.08654
  41   117  -7.95724
  41   118  -7.91235
  41   119  -7.86669
  41   128  -7.42884
  41   130  -7.32692
  41   132  -7.22393
  41   133  -7.17215
  42    82  -8.04640
  42    85  -8.25732
  42    88  -8.40534
  42    93  -8.53914
  42    95  -8.56021
  42    96  -8.56482
  42    99  -8.55754
  42   103  -8.50575
  42   105  -8.46478
  42   106  -8.44101
  42   110  -8.32710
  42   111  -8.29443
  42   113  -8.22476
  42   116  -8.11077
  42   117  -8.07055
  42   120  -7.94416
  42   123  -7.81055
  42   124  -7.76465
  42   125  -7.71815
  42   128  -7.57554
  42   129  -7.52709
  42   130  -7.47826
  42   133  -7.32978
  42   134  -7.27972
  43    82  -7.85258
  43    83  -7.94557
  43    86  -8.17588
  43    90  -8.38526
  43    91  -8.42269
  43    94  -8.50420
  43    96  -8.53568
  43   100  -8.55241
  43   102  -8.54098
  43   104  -8.51825
  43   105  -8.50301
  43   108  -8.44364
  43   109  -8.41970
  43   111  -8.36634
  43   112  -8.33712
  43   113  -8.30633
  43   115  -8.24044
  43   116  -8.20550
  43   124  -7.88800
  43   125  -7.84451
  43   126  -7.80036
  43   129  -7.66436
  43   131  -7.57120
  43   134  -7.42843
  43   135  -7.38018
  43   139  -7.18461
  44    86  -8.01307
  44    87  -8.08838
  44    89  -8.21778
  44    90  -8.27267
  44    91  -8.32146
  44    94  -8.43463
  44   103  -8.53746
  44   104  -8.53173
  44   106  -8.51213
  44   107  -8.49853
  44   108  -8.48261
  44   112  -8.39808
  44   114  -8.34486
  44   115  -8.31587
  44   116  -8.28542
  44   118  -8.22046
  44   119  -8.18610
  44   121  -8.11401
  44   122  -8.07641
  44   123  -8.03787
  44   124  -7.99842
  44   129  -7.78972
  44   130  -7.74604
  44   134  -7.56620
  45    88  -7.99522
  45    90  -8.13640
  45    91  -8.19703
  45    93  -8.30007
  45    95  -8.38094
  45    96  -8.41379
  45   102  -8.52056
  45   104  -8.52690
  45   110  -8.47814
  45   111  -8.46164
  45   113  -8.42257
  45   115  -8.37615
  45   124  -8.09580
  45   126  -8.02121
  45   129  -7.90310
  45   131  -7.82080
  45   132  -7.77871
  45   138  -7.51563
  45   140  -7.42474
  45   142  -7.33266
  45   144  -7.23960
  45   146  -7.14573
  46    91  -8.04947
  46    92  -8.11573
  46    93  -8.17566
  46    95  -8.27807
  46    98  -8.39228
  46    99  -8.42091
  46   105  -8.50964
  46   106  -8.51245
  46   107  -8.51228
  46   110  -8.49548
  46   111  -8.48492
  46   113  -8.45716
  46   115  -8.42127
  46   119  -8.32841
  46   120  -8.30135
  46   121  -8.27293
  46   122  -8.24319
  46   123  -8.21223
  46   125  -8.14691
  46   126  -8.11269
  46   127  -8.07748
  46   128  -8.04138
  46   129  -8.00441
  46   136  -7.72567
  46   142  -7.46630
  46   143  -7.42179
  46   146  -7.28661
  47    91  -7.87892
  47    93  -8.02907
  47    94  -8.09441
  47    95  -8.15375
  47    96  -8.20736
  47    99  -8.33667
  47   102  -8.42413
  47   103  -8.44506
  47   105  -8.47581
  47   106  -8.48603
  47   108  -8.49692
  47   114  -8.46462
  47   115  -8.45112
  47   116  -8.43565
  47   118  -8.39909
  47   125  -8.22193
  47   130  -8.05902
  47   136  -7.83535
  47   138  -7.75558
  47   139  -7.71489
  47   143  -7.54757
  47   144  -7.50477
  47   146  -7.41816
  47   147  -7.37442
  47   149  -7.28619
  47   150  -7.24174
  48    93  -7.86035
  48    95  -8.00806
  48    96  -8.07260
  48    98  -8.18450
  48    99  -8.23247
  48   102  -8.34745
  48   104  -8.40238
  48   106  -8.44187
  48   107  -8.45630
  48   108  -8.46744
  48   111  -8.48262
  48   112  -8.48211
  48   114  -8.47353
  48   115  -8.46575
  48   117  -8.44367
  48   120  -8.39603
  48   123  -8.33317
  48   126  -8.25736
  48   128  -8.20059
  48   130  -8.13942
  48   132  -8.07435
  48   138  -7.85966
  48   139  -7.82149
  48   141  -7.74350
  48   143  -7.66351
  48   145  -7.58175
  48   147  -7.49849
  48   148  -7.45634
  48   152  -7.28499
  48   153  -7.24156
  49    94  -7.75880
  49    97  -7.98652
  49    98  -8.05025
  49    99  -8.10838
  49   100  -8.16118
  49   102  -8.25186
  49   104  -8.32422
  49   105  -8.35409
  49   107  -8.40221
  49   108  -8.42081
  49   110  -8.44808
  49   111  -8.45703
  49   113  -8.46633
  49   114  -8.46698
  49   117  -8.45430
  49   118  -8.44561
  49   121  -8.40773
  49   122  -8.39144
  49   123  -8.37350
  49   125  -8.33293
  49   128  -8.26155
  49   130  -8.20775
  49   134  -8.08745
  49   135  -8.05505
  49   136  -8.02181
  49   137  -7.98779
  49   138  -7.95305
  49   139  -7.91759
  49   144  -7.73112
  49   145  -7.69226
  49   147  -7.61319
  49   148  -7.57304
  49   149  -7.53254
  49   151  -7.45050
  49   152  -7.40904
  49   153  -7.36729
  49   155  -7.28307
  49   157  -7.19803
  49   158  -7.15523
  50    96  -7.74043
  50    97  -7.82126
  50    98  -7.89582
  50    99  -7.96447
  50   100  -8.02741
  50   102  -8.13740
  50   103  -8.18493
  50   104  -8.22782
  50   105  -8.26626
  50   107  -8.33072
  50   109  -8.37985
  50   112  -8.42798
  50   117  -8.45013
  50   121  -8.42487
  50   122  -8.41351
  50   124  -8.38542
  50   127  -8.33108
  50   140  -7.96973
  50   142  -7.90091
  50   143  -7.86556
  50   144  -7.82959
  50   146  -7.75603
  50   152  -7.52431
  50   154  -7.44412
  50   156  -7.36281
  50   157  -7.32177
  50   162  -7.11353
  51   102  -8.00415
  51   104  -8.11320
  51   105  -8.16051
  51   106  -8.20334
  51   118  -8.43388
  51   121  -8.42811
  51   127  -8.36282
  51   129  -8.32775
  51   131  -8.28703
  51   133  -8.24122
  51   136  -8.16403
  51   138  -8.10755
  51   139  -8.07794
  51   148  -7.77852
  51   149  -7.74228
  51   150  -7.70554
  51   153  -7.59275
  51   154  -7.55439
  51   156  -7.47663
  51   161  -7.27727
  51   163  -7.19599
  51   164  -7.15508
  52   101  -7.77986
  52   102  -7.85217
  52   106  -8.08861
  52   108  -8.17847
  52   113  -8.33355
  52   114  -8.35405
  52   116  -8.38578
  52   118  -8.40612
  52   119  -8.41233
  52   124  -8.40841
  52   126  -8.39250
  52   128  -8.36945
  52   129  -8.35547
  52   130  -8.33996
  52   136  -8.21842
  52   146  -7.93327
  52   147  -7.90054
  52   149  -7.83327
  52   151  -7.76380
  52   154  -7.65598
  52   155  -7.61918
  52   157  -7.54448
  52   162  -7.35218
  52   163  -7.31293
  52   167  -7.15393
  52   168  -7.11376
  53   102  -7.68156
  53   104  -7.82963
  53   105  -7.89553
  53   106  -7.95635
  53   110  -8.15322
  53   113  -8.25778
  53   115  -8.30964
  53   116  -8.33070
  53   117  -8.34869
  53   118  -8.36377
  53   121  -8.39277
  53   123  -8.39980
  53   125  -8.39796
  53   126  -8.39399
  53   127  -8.38808
  53   129  -8.37082
  53   130  -8.35966
  53   134  -8.29977
  53   137  -8.24075
  53   140  -8.17143
  53   141  -8.14629
  53   143  -8.09322
  53   146  -8.00737
  53   149  -7.91494
  53   152  -7.81691
  53   159  -7.57094
  53   167  -7.26909
  53   169  -7.19127
  53   171  -7.11282
  53   172  -7.07336
  54   108  -7.93187
  54   110  -8.03831
  54   111  -8.08504
  54   116  -8.26060
  54   117  -8.28529
  54   121  -8.35422
  54   122  -8.36463
  54   123  -8.37256
  54   125  -8.38142
  54   128  -8.37864
  54   131  -8.35878
  54   133  -8.33719
  54   139  -8.23830
  54   140  -8.21751
  54   142  -8.17272
  54   143  -8.14883
  54   147  -8.04431
  54   157  -7.73376
  54   158  -7.69975
  54   162  -7.55957
  54   163  -7.52363
  54   167  -7.37686
  54   168  -7.33952
  54   169  -7.30195
  54   171  -7.22619
  54   175  -7.07260
  55   108  -7.78325
  55   109  -7.84753
  55   111  -7.96204
  55   112  -8.01268
  55   121  -8.30172
  55   123  -8.33182
  55   127  -8.36229
  55   128  -8.36434
  55   132  -8.35302
  55   135  -8.32637
  55   138  -8.28628
  55   141  -8.23450
  55   142  -8.21491
  55   143  -8.19423
  55   146  -8.12623
  55   148  -8.07634
  55   149  -8.05016
  55   152  -7.96711
  55   157  -7.81576
  55   160  -7.71851
  55   162  -7.65143
  55   163  -7.61730
  55   165  -7.54792
  55   168  -7.44145
  55   172  -7.29574
  55   174  -7.22156
  55   177  -7.10900
  56   108  -7.61787
  56   110  -7.75948
  56   113  -7.93644
  56   115  -8.03303
  56   116  -8.07546
  56   118  -8.14941
  56   120  -8.20983
  56   122  -8.25786
  56   125  -8.30888
  56   127  -8.33027
  56   133  -8.34258
  56   136  -8.32389
  56   138  -8.30366
  56   140  -8.27778
  56   150  -8.07943
  56   151  -8.05443
  56   154  -7.97486
  56   157  -7.88925
  56   158  -7.85952
  56   159  -7.82924
  56   163  -7.70309
  56   164  -7.67043
  56   166  -7.60394
  56   167  -7.57015
  56   171  -7.43175
  56   172  -7.39643
  56   173  -7.36087
  56   174  -7.32508
  56   176  -7.25284
  56   179  -7.14311
  57   110  -7.59572
  57   112  -7.73537
  57   113  -7.79814
  57   114  -7.85647
  57   115  -7.91054
  57   117  -8.00660
  57   120  -8.12300
  57   124  -8.23274
  57   126  -8.27048
  57   127  -8.28547
  57   131  -8.32207
  57   132  -8.32586
  57   133  -8.32769
  57   134  -8.32762
  57   135  -8.32576
  57   138  -8.31007
  57   139  -8.30171
  57   140  -8.29190
  57   143  -8.25436
  57   144  -8.23932
  57   145  -8.22313
  57   154  -8.03252
  57   157  -7.95423
  57   158  -7.92678
  57   159  -7.89875
  57   160  -7.87012
  57   161  -7.84093
  57   164  -7.75029
  57   166  -7.68754
  57   170  -7.55727
  57   174  -7.42170
  57   175  -7.38712
  57   176  -7.35230
  57   177  -7.31723
  57   180  -7.21082
  58   112  -7.57314
  58   114  -7.71092
  58   115  -7.77297
  58   116  -7.83072
  58   117  -7.88435
  58   118  -7.93402
  58   119  -7.97991
  58   120  -8.02214
  58   122  -8.09632
  58   123  -8.12855
  58   126  -8.20727
  58   127  -8.22793
  58   128  -8.24600
  58   131  -8.28571
  58   132  -8.29443
  58   135  -8.30833
  58   137  -8.30816
  58   139  -8.30123
  58   140  -8.29537
  58   143  -8.26902
  58   144  -8.25753
  58   145  -8.24480
  58   149  -8.18218
  58   150  -8.16386
  58   152  -8.12436
  58   155  -8.05850
  58   160  -7.93359
  58   166  -7.76348
  58   168  -7.70282
  58   170  -7.64048
  58   172  -7.57661
  58   173  -7.54417
  58   174  -7.51140
  58   175  -7.47834
  58   177  -7.41136
  58   179  -7.34336
  58   181  -7.27446
  58   183  -7.20475
  58   184  -7.16965
  58   186  -7.09896
  58   187  -7.06342
  59   115  -7.62043
  59   116  -7.68615
  59   117  -7.74751
  59   118  -7.80471
  59   119  -7.85791
  59   120  -7.90728
  59   121  -7.95295
  59   122  -7.99510
  59   124  -8.06936
  59   126  -8.13114
  59   130  -8.22113
  59   131  -8.23729
  59   133  -8.26268
  59   135  -8.27945
  59   138  -8.28999
  59   143  -8.27343
  59   144  -8.26562
  59   145  -8.25643
  59   148  -8.22127
  59   151  -8.17575
  59   155  -8.10108
  59   160  -7.98878
  59   164  -7.88643
  59   165  -7.85936
  59   166  -7.83176
  59   168  -7.77500
  59   173  -7.62526
  59   175  -7.56267
  59   176  -7.53088
  59   179  -7.43366
  59   180  -7.40072
  59   182  -7.33408
  59   187  -7.16386
  60   117  -7.59614
  60   120  -7.77843
  60   121  -7.83122
  60   122  -7.88028
  60   124  -7.96780
  60   128  -8.10430
  60   130  -8.15527
  60   131  -8.17681
  60   132  -8.19589
  60   133  -8.21257
  60   135  -8.23919
  60   137  -8.25733
  60   139  -8.26773
  60   140  -8.27019
  60   142  -8.27003
  60   144  -8.26354
  60   148  -8.23343
  60   150  -8.21073
  60   151  -8.19765
  60   154  -8.15201
  60   156  -8.11668
  60   165  -7.91779
  60   167  -7.86625
  60   168  -7.83964
  60   170  -7.78490
  60   172  -7.72826
  60   174  -7.66988
  60   178  -7.54855
  60   179  -7.51737
  60   184  -7.35725
  60   185  -7.32448
  60   193  -7.05555
  60   194  -7.02128
  61   118  -7.50315
  61   119  -7.57155
  61   120  -7.63571
  61   123  -7.80430
  61   128  -8.01467
  61   130  -8.07720
  61   132  -8.12879
  61   135  -8.18747
  61   137  -8.21525
  61   138  -8.22598
  61   139  -8.23473
  61   142  -8.24982
  61   147  -8.24191
  61   149  -8.22864
  61   155  -8.15970
  61   156  -8.14445
  61   157  -8.12825
  61   158  -8.11112
  61   159  -8.09311
  61   163  -8.01291
  61   164  -7.99100
  61   165  -7.96840
  61   174  -7.73857
  61   175  -7.71055
  61   176  -7.68210
  61   182  -7.50370
  61   183  -7.47283
  61   184  -7.44169
  61   188  -7.31458
  61   189  -7.28225
  61   192  -7.18409
  61   194  -7.11778
  62   121  -7.54666
  62   122  -7.61008
  62   130  -7.98698
  62   133  -8.07724
  62   137  -8.16202
  62   139  -8.19090
  62   141  -8.21164
  62   142  -8.21918
  62   143  -8.22489
  62   148  -8.22877
  62   149  -8.22505
  62   151  -8.21354
  62   157  -8.15017
  62   164  -8.03136
  62   165  -8.01113
  62   166  -7.99020
  62   175  -7.77402
  62   176  -7.74737
  62   180  -7.63655
  62   181  -7.60789
  62   185  -7.48983
  62   186  -7.45957
  62   188  -7.39823
  62   192  -7.27268
  62   198  -7.07867
  62   199  -7.04582
  63   122  -7.45483
  63   123  -7.52151
  63   125  -7.64307
  63   127  -7.74983
  63   128  -7.79802
  63   130  -7.88464
  63   137  -8.09771
  63   139  -8.13625
  63   144  -8.19631
  63   147  -8.21047
  63   150  -8.21043
  63   151  -8.20752
  63   152  -8.20326
  63   153  -8.19770
  63   154  -8.19089
  63   155  -8.18288
  63   158  -8.15207
  63   160  -8.12633
  63   172  -7.90163
  63   177  -7.78047
  63   178  -7.75475
  63   181  -7.67496
  63   182  -7.64756
  63   186  -7.53434
  63   187  -7.50523
  63   188  -7.47582
  63   191  -7.38595
  63   192  -7.35550
  63   198  -7.16840
  63   202  -7.04030
  63   203  -7.00793
  63   204  -6.97545
  63   205  -6.94287
  64   124  -7.43021
  64   125  -7.49609
  64   126  -7.55810
  64   129  -7.72229
  64   133  -7.89522
  64   134  -7.93102
  64   138  -8.04776
  64   140  -8.09156
  64   141  -8.11016
  64   142  -8.12664
  64   147  -8.18008
  64   156  -8.17518
  64   159  -8.15031
  64   169  -8.00415
  64   170  -7.98508
  64   173  -7.92385
  64   180  -7.76074
  64   182  -7.70974
  64   183  -7.68361
  64   185  -7.63018
  64   188  -7.54732
  64   189  -7.51906
  64   190  -7.49049
  64   194  -7.37349
  64   198  -7.25268
  64   203  -7.09749
  65   127  -7.47042
  65   131  -7.69458
  65   132  -7.74222
  65   134  -7.82827
  65   136  -7.90273
  65   138  -7.96647
  65   140  -8.02023
  65   141  -8.04362
  65   144  -8.10070
  65   145  -8.11566
  65   146  -8.12869
  65   147  -8.13987
  65   148  -8.14928
  65   150  -8.16303
  65   151  -8.16748
  65   153  -8.17186
  65   154  -8.17188
  65   155  -8.17053
  65   156  -8.16787
  65   157  -8.16393
  65   159  -8.15243
  65   160  -8.14497
  65   169  -8.03322
  65   171  -7.99905
  65   172  -7.98087
  65   173  -7.96201
  65   175  -7.92233
  65   180  -7.81283
  65   183  -7.74101
  65   185  -7.69089
  65   186  -7.66522
  65   187  -7.63917
  65   194  -7.44732
  65   198  -7.33148
  65   201  -7.24228
  65   202  -7.21216
  65   210  -6.96559
  66   129  -7.44453
  66   133  -7.66671
  66   135  -7.75841
  66   137  -7.83840
  66   142  -7.99251
  66   144  -8.03769
  66   146  -8.07448
  66   148  -8.10347
  66   150  -8.12518
  66   156  -8.15176
  66   158  -8.14925
  66   160  -8.14172
  66   161  -8.13618
  66   162  -8.12952
  66   163  -8.12178
  66   164  -8.11300
  66   167  -8.08076
  66   168  -8.06818
  66   177  -7.91969
  66   179  -7.87930
  66   180  -7.85824
  66   181  -7.83666
  66   183  -7.79194
  66   184  -7.76884
  66   186  -7.72129
  66   187  -7.69686
  66   188  -7.67204
  66   193  -7.54234
  66   194  -7.51540
  66   195  -7.48817
  66   200  -7.34795
  66   202  -7.29019
  66   203  -7.26101
  66   204  -7.23163
  66   205  -7.20207
  66   210  -7.05183
  66   212  -6.99075
  66   213  -6.96005
  67   130  -7.35479
  67   132  -7.47849
  67   133  -7.53514
  67   134  -7.58849
  67   139  -7.80977
  67   140  -7.84568
  67   141  -7.87900
  67   142  -7.90988
  67   143  -7.93836
  67   148  -8.04797
  67   158  -8.13114
  67   162  -8.12404
  67   163  -8.11927
  67   176  -7.96941
  67   178  -7.93446
  67   179  -7.91603
  67   188  -7.72516
  67   189  -7.70156
  67   190  -7.67755
  67   195  -7.55190
  67   196  -7.52575
  67   197  -7.49930
  67   199  -7.44554
  67   204  -7.30666
  67   209  -7.16252
  67   212  -7.07401
  67   213  -7.04423
  67   216  -6.95412
  67   217  -6.92386
  68   132  -7.32917
  68   133  -7.39209
  68   134  -7.45157
  68   135  -7.50772
  68   136  -7.56066
  68   137  -7.61050
  68   138  -7.65735
  68   140  -7.74250
  68   142  -7.81691
  68   144  -7.88132
  68   145  -7.90998
  68   146  -7.93642
  68   147  -7.96068
  68   149  -8.00302
  68   153  -8.06481
  68   154  -8.07588
  68   155  -8.08531
  68   157  -8.09955
  68   160  -8.11003
  68   162  -8.11034
  68   163  -8.10863
  68   164  -8.10575
  68   165  -8.10173
  68   166  -8.09660
  68   167  -8.09042
  68   169  -8.07501
  68   173  -8.03304
  68   174  -8.02042
  68   175  -8.00700
  68   188  -7.77212
  68   190  -7.72784
  68   191  -7.70506
  68   192  -7.68185
  68   194  -7.63426
  68   199  -7.50909
  68   201  -7.45685
  68   206  -7.32168
  68   208  -7.26604
  68   209  -7.23791
  68   214  -7.09465
  68   219  -6.94781
  68   220  -6.91810
  68   221  -6.88829
  69   134  -7.30333
  69   138  -7.53265
  69   140  -7.62875
  69   141  -7.67254
  69   142  -7.71361
  69   144  -7.78801
  69   145  -7.82148
  69   146  -7.85259
  69   147  -7.88145
  69   149  -7.93263
  69   150  -7.95509
  69   155  -8.03915
  69   157  -8.06070
  69   158  -8.06912
  69   159  -8.07607
  69   161  -8.08568
  69   162  -8.08843
  69   163  -8.08988
  69   165  -8.08909
  69   167  -8.08361
  69   168  -8.07921
  69   169  -8.07377
  69   170  -8.06731
  69   171  -8.05987
  69   173  -8.04220
  69   174  -8.03203
  69   175  -8.02101
  69   176  -8.00917
  69   177  -7.99654
  69   178  -7.98314
  69   179  -7.96902
  69   180  -7.95418
  69   182  -7.92249
  69   183  -7.90568
  69   185  -7.87025
  69   186  -7.85167
  69   187  -7.83254
  69   188  -7.81290
  69   189  -7.79273
  69   200  -7.54251
  69   206  -7.38869
  69   207  -7.36211
  69   208  -7.33532
  69   209  -7.30831
  69   213  -7.19826
  69   214  -7.17029
  69   219  -7.02806
  69   222  -6.94117
  69   223  -6.91199
  70   136  -7.27730
  70   137  -7.33889
  70   139  -7.45237
  70   140  -7.50451
  70   141  -7.55371
  70   145  -7.72303
  70   146  -7.75895
  70   148  -7.82373
  70   149  -7.85274
  70   152  -7.92716
  70   154  -7.96695
  70   155  -7.98407
  70   156  -7.99947
  70   157  -8.01318
  70   158  -8.02527
  70   163  -8.06302
  70   167  -8.06903
  70   172  -8.05080
  70   178  -7.99716
  70   183  -7.93055
  70   185  -7.89912
  70   188  -7.84747
  70   189  -7.82912
  70   190  -7.81024
  70   196  -7.68696
  70   200  -7.59643
  70   202  -7.54903
  70   207  -7.42517
  70   209  -7.37372
  70   211  -7.32132
  70   217  -7.15922
  70   218  -7.13158
  70   222  -7.01954
  70   223  -6.99120
  70   226  -6.90551
  71   138  -7.25105
  71   141  -7.42450
  71   144  -7.57123
  71   147  -7.69387
  71   148  -7.72979
  71   149  -7.76340
  71   150  -7.79473
  71   151  -7.82390
  71   152  -7.85094
  71   153  -7.87597
  71   155  -7.92016
  71   158  -7.97281
  71   160  -7.99950
  71   162  -8.02000
  71   163  -8.02804
  71   164  -8.03468
  71   171  -8.04572
  71   177  -8.01296
  71   178  -8.00428
  71   179  -7.99475
  71   180  -7.98442
  71   181  -7.97331
  71   182  -7.96145
  71   183  -7.94885
  71   184  -7.93556
  71   185  -7.92158
  71   186  -7.90695
  71   187  -7.89169
  71   189  -7.85935
  71   190  -7.84231
  71   192  -7.80663
  71   193  -7.78801
  71   194  -7.76889
  71   199  -7.66656
  71   201  -7.62277
  71   204  -7.55437
  71   208  -7.45873
  71   210  -7.40919
  71   211  -7.38405
  71   212  -7.35866
  71   216  -7.25485
  71   218  -7.20176
  71   219  -7.17494
  71   220  -7.14796
  71   222  -7.09351
  71   224  -7.03846
  71   225  -7.01074
  71   229  -6.89869
  71   231  -6.84206
  72   140  -7.22463
  72   143  -7.39648
  72   144  -7.44785
  72   145  -7.49641
  72   146  -7.54228
  72   148  -7.62629
  72   152  -7.76559
  72   153  -7.79489
  72   154  -7.82214
  72   157  -7.89215
  72   158  -7.91179
  72   159  -7.92968
  72   160  -7.94590
  72   161  -7.96047
  72   163  -7.98495
  72   166  -8.01070
  72   169  -8.02444
  72   170  -8.02654
  72   171  -8.02748
  72   172  -8.02729
  72   176  -8.01598
  72   178  -8.00447
  72   179  -7.99736
  72   183  -7.96061
  72   185  -7.93761
  72   187  -7.91183
  72   188  -7.89794
  72   189  -7.88342
  72   190  -7.86828
  72   193  -7.81943
  72   195  -7.78420
  72   196  -7.76582
  72   203  -7.62484
  72   206  -7.55859
  72   208  -7.51278
  72   211  -7.44182
  72   214  -7.36844
  72   219  -7.24152
  72   220  -7.21553
  72   222  -7.16300
  72   228  -7.00168
  72   233  -6.86378
  72   234  -6.83590
  73   142  -7.19803
  73   143  -7.25777
  73   144  -7.31451
  73   147  -7.46761
  73   149  -7.55633
  73   155  -7.76577
  73   156  -7.79318
  73   161  -7.90217
  73   162  -7.91877
  73   163  -7.93375
  73   164  -7.94719
  73   165  -7.95911
  73   168  -7.98639
  73   170  -7.99790
  73   171  -8.00179
  73   174  -8.00648
  73   176  -8.00413
  73   185  -7.94723
  73   187  -7.92566
  73   188  -7.91382
  73   189  -7.90130
  73   191  -7.87433
  73   192  -7.85993
  73   194  -7.82938
  73   195  -7.81327
  73   200  -7.72510
  73   202  -7.68662
  73   203  -7.66675
  73   204  -7.64649
  73   205  -7.62584
  73   207  -7.58344
  73   211  -7.49462
  73   214  -7.42486
  73   222  -7.22802
  73   223  -7.20248
  73   225  -7.15088
  73   227  -7.09860
  73   229  -7.04574
  73   230  -7.01911
  73   231  -6.99235
  73   236  -6.85682
  74   148  -7.39071
  74   149  -7.43870
  74   150  -7.48411
  74   151  -7.52703
  74   155  -7.67534
  74   156  -7.70696
  74   157  -7.73652
  74   159  -7.78979
  74   164  -7.89141
  74   165  -7.90679
  74   166  -7.92064
  74   171  -7.96867
  74   172  -7.97433
  74   176  -7.98523
  74   180  -7.97900
  74   185  -7.95036
  74   202  -7.72162
  74   203  -7.70331
  74   206  -7.64580
  74   207  -7.62585
  74   209  -7.58484
  74   211  -7.54244
  74   215  -7.45386
  74   218  -7.38446
  74   223  -7.26403
  74   224  -7.23930
  74   226  -7.18929
  74   227  -7.16403
  74   228  -7.13858
  74   233  -7.00908
  74   234  -6.98278
  74   236  -6.92980
  74   237  -6.90315
  74   240  -6.82261
  75   146  -7.14435
  75   147  -7.20297
  75   149  -7.31168
  75   150  -7.36198
  75   154  -7.53800
  75   157  -7.64580
  75   158  -7.67746
  75   163  -7.80708
  75   164  -7.82764
  75   166  -7.86386
  75   169  -7.90669
  75   171  -7.92809
  75   172  -7.93681
  75   175  -7.95541
  75   177  -7.96193
  75   180  -7.96365
  75   182  -7.95978
  75   184  -7.95219
  75   185  -7.94708
  75   186  -7.94113
  75   196  -7.84089
  75   197  -7.82730
  75   198  -7.81313
  75   199  -7.79842
  75   200  -7.78318
  75   201  -7.76743
  75   202  -7.75118
  75   203  -7.73445
  75   204  -7.71726
  75   205  -7.69962
  75   206  -7.68156
  75   207  -7.66307
  75   208  -7.64419
  75   209  -7.62491
  75   210  -7.60527
  75   215  -7.50181
  75   218  -7.43602
  75   220  -7.39081
  75   221  -7.36782
  75   224  -7.29743
  75   226  -7.24943
  75   227  -7.22512
  75   232  -7.10094
  75   233  -7.07562
  75   234  -7.05017
  75   237  -6.97296
  75   240  -6.89469
  75   243  -6.81549
  76   151  -7.28322
  76   152  -7.33317
  76   153  -7.38058
  76   156  -7.50841
  76   157  -7.54645
  76   158  -7.58234
  76   160  -7.64789
  76   164  -7.75587
  76   165  -7.77841
  76   167  -7.81849
  76   168  -7.83614
  76   169  -7.85225
  76   174  -7.91160
  76   175  -7.91950
  76   176  -7.92620
  76   177  -7.93170
  76   182  -7.94274
  76   186  -7.93373
  76   187  -7.92925
  76   188  -7.92393
  76   190  -7.91090
  76   193  -7.88572
  76   194  -7.87594
  76   195  -7.86547
  76   196  -7.85436
  76   197  -7.84262
  76   198  -7.83028
  76   200  -7.80387
  76   201  -7.78984
  76   203  -7.76019
  76   206  -7.71206
  76   208  -7.67770
  76   214  -7.56498
  76   219  -7.46161
  76   222  -7.39607
  76   224  -7.35110
  76   231  -7.18674
  76   233  -7.13807
  76   234  -7.11350
  76   235  -7.08875
  76   236  -7.06385
  76   238  -7.01365
  76   239  -6.98835
  76   244  -6.86010
  76   245  -6.83414
  76   246  -6.80809
  77   150  -7.09010
  77   151  -7.14762
  77   153  -7.25464
  77   157  -7.43857
  77   158  -7.47874
  77   160  -7.55257
  77   164  -7.67615
  77   165  -7.70236
  77   166  -7.72684
  77   169  -7.79023
  77   171  -7.82468
  77   172  -7.83971
  77   174  -7.86555
  77   175  -7.87648
  77   176  -7.88610
  77   182  -7.91907
  77   183  -7.92075
  77   184  -7.92143
  77   185  -7.92115
  77   186  -7.91992
  77   187  -7.91778
  77   194  -7.87965
  77   195  -7.87118
  77   198  -7.84175
  77   201  -7.80671
  77   202  -7.79389
  77   205  -7.75218
  77   207  -7.72188
  77   211  -7.65579
  77   213  -7.62027
  77   217  -7.54476
  77   221  -7.46396
  77   234  -7.17274
  77   235  -7.14890
  77   236  -7.12489
  77   237  -7.10072
  77   240  -7.02731
  77   242  -6.97769
  77   243  -6.95269
  77   247  -6.85157
  77   249  -6.80041
  77   250  -6.77471
  78   156  -7.27525
  78   157  -7.32214
  78   158  -7.36668
  78   159  -7.40892
  78   160  -7.44898
  78   161  -7.48690
  78   162  -7.52273
  78   163  -7.55656
  78   164  -7.58844
  78   166  -7.64661
  78   168  -7.69766
  78   169  -7.72065
  78   171  -7.76185
  78   172  -7.78013
  78   174  -7.81231
  78   175  -7.82630
  78   180  -7.87685
  78   181  -7.88335
  78   182  -7.88873
  78   186  -7.89974
  78   187  -7.90001
  78   188  -7.89936
  78   189  -7.89780
  78   191  -7.89210
  78   192  -7.88799
  78   194  -7.87743
  78   195  -7.87103
  78   196  -7.86388
  78   198  -7.84751
  78   201  -7.81806
  78   205  -7.77048
  78   208  -7.72916
  78   209  -7.71441
  78   210  -7.69919
  78   211  -7.68353
  78   212  -7.66744
  78   213  -7.65090
  78   218  -7.56246
  78   220  -7.52459
  78   222  -7.48543
  78   225  -7.42444
  78   226  -7.40356
  78   227  -7.38242
  78   228  -7.36103
  78   230  -7.31755
  78   234  -7.22791
  78   235  -7.20499
  78   236  -7.18190
  78   238  -7.13519
  78   242  -7.03983
  78   244  -6.99128
  78   250  -6.84278
  78   251  -6.81767
  78   252  -6.79247
  78   253  -6.76716
  78   254  -6.74180
  79   154  -7.03532
  79   155  -7.09185
  79   156  -7.14578
  79   159  -7.29280
  79   161  -7.37921
  79   163  -7.45701
  79   164  -7.49281
  79   165  -7.52666
  79   168  -7.61698
  79   169  -7.64352
  79   174  -7.75188
  79   179  -7.82388
  79   180  -7.83437
  79   182  -7.85177
  79   186  -7.87316
  79   189  -7.87850
  79   191  -7.87740
  79   193  -7.87283
  79   194  -7.86931
  79   195  -7.86500
  79   212  -7.69164
  79   215  -7.64524
  79   216  -7.62892
  79   217  -7.61222
  79   219  -7.57770
  79   228  -7.40585
  79   230  -7.36452
  79   232  -7.32220
  79   234  -7.27897
  79   236  -7.23489
  79   237  -7.21254
  79   238  -7.19001
  79   239  -7.16730
  79   241  -7.12136
  79   246  -7.00376
  79   255  -6.78424
  79   257  -6.73440
  80   156  -7.00774
  80   157  -7.06379
  80   159  -7.16836
  80   160  -7.21703
  80   162  -7.30751
  80   166  -7.46284
  80   167  -7.49669
  80   169  -7.55886
  80   171  -7.61396
  80   172  -7.63900
  80   173  -7.66242
  80   175  -7.70463
  80   176  -7.72350
  80   177  -7.74094
  80   184  -7.82642
  80   188  -7.84971
  80   189  -7.85296
  80   190  -7.85525
  80   194  -7.85525
  80   195  -7.85314
  80   196  -7.85019
  80   197  -7.84645
  80   200  -7.83079
  80   204  -7.80026
  80   205  -7.79103
  80   209  -7.74840
  80   210  -7.73637
  80   211  -7.72384
  80   214  -7.68333
  80   215  -7.66891
  80   228  -7.44634
  80   229  -7.42692
  80   230  -7.40723
  80   232  -7.36707
  80   233  -7.34661
  80   236  -7.28380
  80   238  -7.24085
  80   240  -7.19710
  80   252  -6.92074
  80   253  -6.89685
  80   254  -6.87283
  80   257  -6.80019
  80   258  -6.77579
  80   259  -6.75131
  81   158  -6.98008
  81   159  -7.03563
  81   162  -7.18780
  81   163  -7.23391
  81   166  -7.35932
  81   169  -7.46666
  81   172  -7.55745
  81   174  -7.60952
  81   175  -7.63313
  81   176  -7.65521
  81   177  -7.67581
  81   180  -7.72909
  81   181  -7.74413
  81   182  -7.75789
  81   186  -7.80082
  81   188  -7.81549
  81   192  -7.83250
  81   193  -7.83435
  81   196  -7.83462
  81   197  -7.83301
  81   200  -7.82350
  81   201  -7.81884
  81   204  -7.80067
  81   215  -7.68771
  81   222  -7.58514
  81   223  -7.56889
  81   224  -7.55228
  81   225  -7.53533
  81   227  -7.50041
  81   235  -7.34881
  81   236  -7.32866
  81   237  -7.30830
  81   239  -7.26689
  81   242  -7.20319
  81   244  -7.15977
  81   245  -7.13780
  81   246  -7.11565
  81   249  -7.04827
  81   251  -7.00260
  81   253  -6.95641
  81   254  -6.93313
  81   256  -6.88620
  81   257  -6.86257
  81   260  -6.79110
  81   263  -6.71883
  82   168  -7.32932
  82   170  -7.40269
  82   172  -7.46864
  82   176  -7.57991
  82   177  -7.60375
  82   178  -7.62604
  82   180  -7.66630
  82   181  -7.68433
  82   184  -7.73051
  82   186  -7.75507
  82   187  -7.76560
  82   191  -7.79672
  82   192  -7.80191
  82   193  -7.80614
  82   199  -7.81251
  82   200  -7.81065
  82   201  -7.80801
  82   204  -7.79571
  82   206  -7.78404
  82   207  -7.77722
  82   208  -7.76978
  82   211  -7.74388
  82   212  -7.73412
  82   213  -7.72380
  82   215  -7.70162
  82   219  -7.65146
  82   221  -7.62370
  82   222  -7.60919
  82   223  -7.59429
  82   224  -7.57901
  82   225  -7.56335
  82   234  -7.40735
  82   235  -7.38853
  82   236  -7.36945
  82   237  -7.35012
  82   241  -7.27040
  82   246  -7.16599
  82   252  -7.03484
  82   254  -6.98992
  82   258  -6.89852
  82   259  -6.87539
  82   260  -6.85214
  83   162  -6.92440
  83   164  -7.03138
  83   165  -7.08138
  83   168  -7.21831
  83   173  -7.40640
  83   176  -7.49763
  83   180  -7.59677
  83   183  -7.65583
  83   184  -7.67281
  83   185  -7.68850
  83   186  -7.70295
  83   187  -7.71618
  83   188  -7.72824
  83   192  -7.76532
  83   193  -7.77196
  83   194  -7.77761
  83   195  -7.78228
  83   198  -7.79082
  83   202  -7.79028
  83   205  -7.78176
  83   206  -7.77748
  83   207  -7.77253
  83   209  -7.76066
  83   211  -7.74630
  83   212  -7.73822
  83   213  -7.72957
  83   214  -7.72037
  83   216  -7.70036
  83   217  -7.68960
  83   218  -7.67834
  83   222  -7.62864
  83   223  -7.61512
  83   224  -7.60120
  83   226  -7.57216
  83   229  -7.52581
  83   232  -7.47637
  83   238  -7.36937
  83   239  -7.35058
  83   240  -7.33155
  83   241  -7.31228
  83   242  -7.29277
  83   245  -7.23292
  83   247  -7.19201
  83   248  -7.17127
  83   256  -6.99926
  83   258  -6.95479
  83   260  -6.90982
  83   262  -6.86439
  84   164  -6.89644
  84   165  -6.95066
  84   167  -7.05228
  84   168  -7.09978
  84   170  -7.18849
  84   171  -7.22980
  84   173  -7.30667
  84   175  -7.37620
  84   176  -7.40833
  84   181  -7.54468
  84   184  -7.60861
  84   187  -7.66046
  84   188  -7.67523
  84   189  -7.68881
  84   192  -7.72268
  84   193  -7.73180
  84   197  -7.75816
  84   198  -7.76236
  84   199  -7.76566
  84   200  -7.76810
  84   202  -7.77042
  84   203  -7.77037
  84   204  -7.76953
  84   207  -7.76257
  84   208  -7.75883
  84   209  -7.75442
  84   216  -7.70610
  84   223  -7.63138
  84   230  -7.53518
  84   232  -7.50434
  84   236  -7.43876
  84   237  -7.42160
  84   238  -7.40416
  84   239  -7.38644
  84   246  -7.25538
  84   252  -7.13463
  84   253  -7.11386
  84   254  -7.09293
  84   256  -7.05058
  84   257  -7.02919
  84   268  -6.78537
  85   167  -6.92219
  85   168  -6.97374
  85   169  -7.02310
  85   170  -7.07033
  85   171  -7.11547
  85   172  -7.15860
  85   174  -7.23905
  85   176  -7.31207
  85   178  -7.37811
  85   179  -7.40862
  85   180  -7.43753
  85   183  -7.51503
  85   186  -7.57961
  85   187  -7.59843
  85   189  -7.63228
  85   193  -7.68567
  85   194  -7.69622
  85   199  -7.73376
  85   200  -7.73840
  85   201  -7.74216
  85   204  -7.74835
  85   205  -7.74878
  85   206  -7.74844
  85   209  -7.74300
  85   210  -7.73976
  85   211  -7.73587
  85   217  -7.69939
  85   220  -7.67350
  85   221  -7.66383
  85   222  -7.65368
  85   223  -7.64305
  85   224  -7.63196
  85   225  -7.62041
  85   229  -7.57001
  85   231  -7.54242
  85   232  -7.52808
  85   234  -7.49834
  85   235  -7.48296
  85   236  -7.46726
  85   241  -7.38420
  85   244  -7.33107
  85   246  -7.29441
  85   250  -7.21838
  85   251  -7.19885
  85   252  -7.17913
  85   261  -6.99388
  85   262  -6.97254
  85   263  -6.95107
  85   265  -6.90774
  85   266  -6.88590
  85   267  -6.86395
  85   269  -6.81973
  85   272  -6.75265
  85   273  -6.73011
  85   275  -6.68479
  85   276  -6.66202
  86   168  -6.84023
  86   169  -6.89363
  86   171  -6.99386
  86   172  -7.04082
  86   176  -7.20887
  86   177  -7.24622
  86   179  -7.31564
  86   195  -7.65865
  86   198  -7.68831
  86   199  -7.69620
  86   203  -7.71840
  86   204  -7.72174
  86   207  -7.72686
  86   212  -7.72032
  86   213  -7.71692
  86   215  -7.70821
  86   218  -7.69059
  86   219  -7.68356
  86   220  -7.67599
  86   222  -7.65926
  86   223  -7.65014
  86   224  -7.64052
  86   225  -7.63043
  86   226  -7.61987
  86   227  -7.60888
  86   231  -7.56062
  86   232  -7.54756
  86   237  -7.47678
  86   242  -7.39788
  86   254  -7.18178
  86   255  -7.16237
  86   259  -7.08291
  86   261  -7.04220
  86   262  -7.02162
  86   268  -6.89524
  86   275  -6.74256
  86   279  -6.65329
  87   171  -6.86501
  87   172  -6.91584
  87   175  -7.05596
  87   178  -7.17865
  87   179  -7.21593
  87   180  -7.25145
  87   181  -7.28530
  87   185  -7.40476
  87   188  -7.47877
  87   191  -7.54058
  87   192  -7.55866
  87   196  -7.61915
  87   200  -7.66224
  87   201  -7.67050
  87   202  -7.67782
  87   205  -7.69435
  87   206  -7.69813
  87   210  -7.70524
  87   213  -7.70271
  87   215  -7.69757
  87   218  -7.68509
  87   219  -7.67972
  87   222  -7.66020
  87   227  -7.61726
  87   230  -7.58584
  87   231  -7.57452
  87   233  -7.55062
  87   234  -7.53808
  87   237  -7.49826
  87   239  -7.46996
  87   240  -7.45531
  87   244  -7.39363
  87   246  -7.36108
  87   248  -7.32746
  87   253  -7.23919
  87   254  -7.22086
  87   257  -7.16468
  87   259  -7.12626
  87   260  -7.10680
  87   264  -7.02727
  87   265  -7.00702
  87   266  -6.98661
  87   267  -6.96606
  87   268  -6.94539
  87   270  -6.90365
  87   281  -6.66648
  88   172  -6.78373
  88   174  -6.88682
  88   177  -7.02614
  88   178  -7.06872
  88   179  -7.10946
  88   180  -7.14841
  88   181  -7.18559
  88   184  -7.28716
  88   185  -7.31782
  88   187  -7.37461
  88   188  -7.40081
  88   189  -7.42562
  88   190  -7.44906
  88   191  -7.47116
  88   194  -7.52984
  88   195  -7.54695
  88   197  -7.57776
  88   198  -7.59148
  88   199  -7.60413
  88   200  -7.61574
  88   203  -7.64460
  88   205  -7.65911
  88   206  -7.66502
  88   211  -7.68209
  88   213  -7.68348
  88   215  -7.68202
  88   216  -7.68026
  88   217  -7.67785
  88   220  -7.66684
  88   221  -7.66196
  88   222  -7.65652
  88   223  -7.65051
  88   224  -7.64397
  88   225  -7.63688
  88   226  -7.62930
  88   229  -7.60358
  88   230  -7.59407
  88   231  -7.58411
  88   240  -7.47627
  88   241  -7.46248
  88   244  -7.41913
  88   250  -7.32455
  88   252  -7.29093
  88   253  -7.27376
  88   260  -7.14754
  88   261  -7.12873
  88   262  -7.10973
  88   263  -7.09057
  88   269  -6.97225
  88   270  -6.95202
  88   271  -6.93166
  88   272  -6.91118
  88   276  -6.82806
  88   285  -6.63527
  89   174  -6.75537
  89   177  -6.90587
  89   179  -6.99629
  89   181  -7.07929
  89   182  -7.11813
  89   183  -7.15525
  89   184  -7.19069
  89   185  -7.22452
  89   186  -7.25677
  89   187  -7.28748
  89   188  -7.31668
  89   189  -7.34442
  89   194  -7.46258
  89   195  -7.48234
  89   198  -7.53452
  89   202  -7.58859
  89   210  -7.65016
  89   214  -7.66076
  89   218  -7.65972
  89   219  -7.65778
  89   220  -7.65519
  89   222  -7.64821
  89   225  -7.63334
  89   227  -7.62071
  89   228  -7.61362
  89   232  -7.58040
  89   233  -7.57094
  89   234  -7.56105
  89   235  -7.55075
  89   239  -7.50550
  89   240  -7.49325
  89   244  -7.44074
  89   245  -7.42678
  89   248  -7.38312
  89   252  -7.32094
  89   258  -7.22022
  89   259  -7.20265
  89   261  -7.16692
  89   266  -7.07429
  89   269  -7.01671
  89   270  -6.99722
  89   275  -6.89767
  89   276  -6.87738
  89   277  -6.85697
  89   278  -6.83646
  89   279  -6.81583
  89   287  -6.64737
  90   177  -6.77881
  90   178  -6.82861
  90   181  -6.96643
  90   184  -7.08783
  90   185  -7.12487
  90   187  -7.19408
  90   189  -7.25709
  90   191  -7.31418
  90   194  -7.38945
  90   197  -7.45310
  90   198  -7.47188
  90   202  -7.53573
  90   203  -7.54902
  90   204  -7.56127
  90   207  -7.59223
  90   208  -7.60068
  90   209  -7.60824
  90   212  -7.62580
  90   217  -7.63932
  90   220  -7.63883
  90   221  -7.63734
  90   222  -7.63523
  90   225  -7.62526
  90   229  -7.60408
  90   230  -7.59748
  90   231  -7.59037
  90   235  -7.55727
  90   238  -7.52784
  90   239  -7.51721
  90   240  -7.50619
  90   241  -7.49480
  90   242  -7.48304
  90   245  -7.44565
  90   247  -7.41907
  90   250  -7.37687
  90   252  -7.34728
  90   257  -7.26876
  90   258  -7.25232
  90   259  -7.23566
  90   260  -7.21878
  90   265  -7.13132
  90   267  -7.09499
  90   268  -7.07657
  90   274  -6.96276
  90   275  -6.94327
  90   276  -6.92366
  90   277  -6.90392
  90   282  -6.80347
  90   284  -6.76254
  90   286  -6.72121
  90   287  -6.70042
  90   288  -6.67955
  90   290  -6.63755
  90   291  -6.61644
  91   178  -6.69847
  91   179  -6.74995
  91   181  -6.84700
  91   184  -6.97857
  91   185  -7.01889
  91   187  -7.09447
  91   189  -7.16362
  91   192  -7.25598
  91   194  -7.31045
  91   200  -7.44278
  91   203  -7.49306
  91   204  -7.50766
  91   205  -7.52123
  91   207  -7.54542
  91   208  -7.55605
  91   210  -7.57458
  91   211  -7.58251
  91   214  -7.60121
  91   215  -7.60584
  91   216  -7.60969
  91   218  -7.61515
  91   219  -7.61679
  91   220  -7.61775
  91   222  -7.61762
  91   223  -7.61660
  91   227  -7.60634
  91   228  -7.60233
  91   229  -7.59777
  91   232  -7.58092
  91   233  -7.57430
  91   234  -7.56719
  91   235  -7.55963
  91   237  -7.54312
  91   239  -7.52487
  91   240  -7.51514
  91   249  -7.41073
  91   253  -7.35581
  91   254  -7.34137
  91   257  -7.29644
  91   258  -7.28095
  91   259  -7.26522
  91   260  -7.24926
  91   264  -7.18318
  91   265  -7.16612
  91   266  -7.14889
  91   273  -7.02318
  91   275  -6.98581
  91   277  -6.94786
  91   281  -6.87036
  91   282  -6.85069
  91   284  -6.81100
  91   295  -6.58587
  92   180  -6.66993
  92   181  -6.72105
  92   182  -6.77023
  92   184  -6.86295
  92   185  -6.90657
  92   186  -6.94846
  92   187  -6.98865
  92   188  -7.02715
  92   190  -7.09935
  92   191  -7.13311
  92   193  -7.19620
  92   195  -7.25358
  92   203  -7.43166
  92   207  -7.49335
  92   208  -7.50622
  92   211  -7.53914
  92   212  -7.54830
  92   215  -7.57061
  92   219  -7.58918
  92   221  -7.59401
  92   222  -7.59538
  92   223  -7.59607
  92   225  -7.59552
  92   226  -7.59429
  92   227  -7.59247
  92   229  -7.58706
  92   230  -7.58349
  92   231  -7.57939
  92   234  -7.56393
  92   235  -7.55779
  92   237  -7.54405
  92   238  -7.53649
  92   239  -7.52850
  92   240  -7.52005
  92   241  -7.51120
  92   242  -7.50193
  92   244  -7.48222
  92   248  -7.43835
  92   249  -7.42650
  92   251  -7.40183
  92   252  -7.38903
  92   253  -7.37592
  92   254  -7.36251
  92   256  -7.33483
  92   265  -7.19765
  92   266  -7.18126
  92   271  -7.09638
  92   273  -7.06115
  92   274  -7.04329
  92   275  -7.02526
  92   281  -6.91400
  92   282  -6.89498
  92   289  -6.75858
  92   290  -6.73868
  92   291  -6.71868
  93   183  -6.69211
  93   185  -6.78799
  93   192  -7.06885
  93   194  -7.13488
  93   195  -7.16572
  93   196  -7.19516
  93   197  -7.22322
  93   203  -7.36486
  93   206  -7.41986
  93   207  -7.43603
  93   211  -7.49070
  93   212  -7.50200
  93   213  -7.51235
  93   214  -7.52184
  93   219  -7.55680
  93   220  -7.56142
  93   221  -7.56532
  93   225  -7.57384
  93   228  -7.57335
  93   229  -7.57196
  93   230  -7.56998
  93   233  -7.56066
  93   236  -7.54656
  93   237  -7.54086
  93   238  -7.53469
  93   239  -7.52806
  93   241  -7.51342
  93   242  -7.50545
  93   244  -7.48827
  93   245  -7.47908
  93   246  -7.46949
  93   251  -7.41611
  93   256  -7.35443
  93   257  -7.34120
  93   259  -7.31390
  93   261  -7.28554
  93   262  -7.27097
  93   266  -7.21033
  93   268  -7.17866
  93   271  -7.12964
  93   272  -7.11291
  93   273  -7.09599
  93   278  -7.00885
  93   280  -6.97289
  93   281  -6.95469
  93   285  -6.88054
  93   286  -6.86167
  93   288  -6.82361
  93   289  -6.80441
  93   295  -6.68707
  93   296  -6.66719
  93   299  -6.60705
  93   300  -6.58685
  94   186  -6.71170
  94   187  -6.75846
  94   188  -6.80342
  94   189  -6.84666
  94   190  -6.88821
  94   192  -6.96640
  94   193  -7.00315
  94   194  -7.03835
  94   199  -7.19285
  94   200  -7.21967
  94   201  -7.24522
  94   204  -7.31456
  94   206  -7.35495
  94   207  -7.37348
  94   210  -7.42278
  94   216  -7.49524
  94   218  -7.51233
  94   219  -7.51966
  94   220  -7.52618
  94   221  -7.53194
  94   222  -7.53695
  94   225  -7.54766
  94   228  -7.55222
  94   230  -7.55209
  94   232  -7.54957
  94   233  -7.54746
  94   235  -7.54157
  94   246  -7.47413
  94   247  -7.46539
  94   248  -7.45627
  94   251  -7.42667
  94   253  -7.40518
  94   257  -7.35829
  94   260  -7.31997
  94   261  -7.30664
  94   263  -7.27915
  94   266  -7.23608
  94   268  -7.20618
  94   270  -7.17541
  94   271  -7.15971
  94   272  -7.14380
  94   273  -7.12770
  94   278  -7.04441
  94   279  -7.02724
  94   280  -7.00990
  94   285  -6.92099
  94   286  -6.90279
  94   287  -6.88446
  94   293  -6.77200
  94   295  -6.73364
  94   299  -6.65582
  94   301  -6.61639
  94   302  -6.59657
  94   304  -6.55670
  94   306  -6.51653
  95   187  -6.63412
  95   189  -6.72887
  95   190  -6.77360
  95   193  -6.89780
  95   194  -6.93600
  95   195  -6.97266
  95   196  -7.00781
  95   197  -7.04153
  95   200  -7.13421
  95   201  -7.16242
  95   203  -7.21500
  95   204  -7.23943
  95   205  -7.26268
  95   206  -7.28476
  95   207  -7.30569
  95   211  -7.37862
  95   212  -7.39428
  95   213  -7.40895
  95   214  -7.42268
  95   216  -7.44735
  95   217  -7.45834
  95   220  -7.48622
  95   223  -7.50690
  95   224  -7.51226
  95   227  -7.52410
  95   229  -7.52859
  95   230  -7.52986
  95   231  -7.53052
  95   237  -7.52214
  95   238  -7.51882
  95   239  -7.51499
  95   246  -7.47493
  95   247  -7.46744
  95   248  -7.45956
  95   258  -7.36041
  95   259  -7.34865
  95   260  -7.33661
  95   263  -7.29878
  95   264  -7.28562
  95   266  -7.25854
  95   268  -7.23045
  95   269  -7.21605
  95   273  -7.15624
  95   275  -7.12509
  95   278  -7.07694
  95   279  -7.06052
  95   280  -7.04393
  95   283  -6.99317
  95   285  -6.95857
  95   286  -6.94105
  95   287  -6.92338
  95   291  -6.85142
  95   292  -6.83312
  95   294  -6.79617
  95   301  -6.66362
  95   302  -6.64432
  95   303  -6.62494
  95   308  -6.52688
  96   189  -6.60507
  96   190  -6.65304
  96   192  -6.74379
  96   195  -6.86751
  96   198  -6.97729
  96   200  -7.04324
  96   201  -7.07413
  96   204  -7.15898
  96   212  -7.33289
  96   213  -7.34977
  96   216  -7.39460
  96   220  -7.44158
  96   222  -7.45997
  96   223  -7.46796
  96   224  -7.47518
  96   226  -7.48738
  96   229  -7.50033
  96   230  -7.50328
  96   232  -7.50725
  96   233  -7.50830
  96   235  -7.50859
  96   236  -7.50787
  96   239  -7.50238
  96   240  -7.49948
  96   244  -7.48294
  96   248  -7.45904
  96   249  -7.45199
  96   251  -7.43670
  96   252  -7.42846
  96   253  -7.41985
  96   254  -7.41087
  96   255  -7.40154
  96   256  -7.39186
  96   257  -7.38183
  96   260  -7.34980
  96   261  -7.33850
  96   262  -7.32690
  96   265  -7.29038
  96   269  -7.23795
  96   272  -7.19607
  96   273  -7.18165
  96   274  -7.16701
  96   275  -7.15216
  96   277  -7.12186
  96   281  -7.05894
  96   285  -6.99325
  96   287  -6.95945
  96   292  -6.87246
  96   293  -6.85468
  96   294  -6.83677
  96   299  -6.74550
  96   300  -6.72693
  96   301  -6.70827
  96   307  -6.59441
  97   190  -6.52652
  97   191  -6.57598
  97   193  -6.66965
  97   195  -6.75662
  97   196  -6.79768
  97   199  -6.91168
  97   202  -7.01264
  97   204  -7.07318
  97   205  -7.10151
  97   208  -7.17912
  97   209  -7.20264
  97   210  -7.22502
  97   212  -7.26649
  97   213  -7.28562
  97   218  -7.36641
  97   219  -7.37976
  97   222  -7.41452
  97   225  -7.44185
  97   228  -7.46231
  97   229  -7.46767
  97   231  -7.47634
  97   232  -7.47966
  97   242  -7.47983
  97   246  -7.46496
  97   247  -7.46007
  97   248  -7.45473
  97   249  -7.44897
  97   250  -7.44276
  97   251  -7.43614
  97   252  -7.42913
  97   257  -7.38829
  97   258  -7.37903
  97   265  -7.30523
  97   266  -7.29347
  97   267  -7.28145
  97   268  -7.26915
  97   270  -7.24379
  97   272  -7.21743
  97   280  -7.10296
  97   281  -7.08774
  97   282  -7.07233
  97   285  -7.02504
  97   286  -7.00893
  97   290  -6.94293
  97   291  -6.92606
  97   292  -6.90905
  97   297  -6.82204
  97   298  -6.80428
  97   299  -6.78640
  97   304  -6.69543
  97   305  -6.67694
  97   306  -6.65836
  97   310  -6.58321
  97   313  -6.52604
  97   314  -6.50684
  97   315  -6.48758
  98   192  -6.49772
  98   194  -6.59428
  98   196  -6.68410
  98   198  -6.76749
  98   202  -6.91618
  98   207  -7.07103
  98   213  -7.21651
  98   216  -7.27453
  98   218  -7.30822
  98   221  -7.35174
  98   222  -7.36445
  98   225  -7.39757
  98   226  -7.40698
  98   235  -7.45887
  98   239  -7.46494
  98   242  -7.46348
  98   253  -7.41989
  98   257  -7.39117
  98   258  -7.38301
  98   259  -7.37459
  98   260  -7.36575
  98   261  -7.35658
  98   264  -7.32713
  98   265  -7.31669
  98   266  -7.30595
  98   267  -7.29492
  98   268  -7.28359
  98   269  -7.27200
  98   273  -7.22297
  98   274  -7.21007
  98   277  -7.17001
  98   278  -7.15621
  98   279  -7.14219
  98   281  -7.11355
  98   282  -7.09892
  98   286  -7.03853
  98   289  -6.99141
  98   290  -6.97539
  98   292  -6.94287
  98   294  -6.90976
  98   297  -6.85908
  98   298  -6.84193
  98   299  -6.82466
  98   305  -6.71865
  98   306  -6.70062
  98   310  -6.62755
  98   311  -6.60908
  98   313  -6.57188
  98   314  -6.55317
  98   317  -6.49659
  98   319  -6.45856
  99   194  -6.46889
  99   195  -6.51773
  99   197  -6.61036
  99   198  -6.65422
  99   199  -6.69653
  99   200  -6.73728
  99   201  -6.77654
  99   202  -6.81431
  99   203  -6.85067
  99   205  -6.91921
  99   207  -6.98240
  99   208  -7.01208
  99   212  -7.11867
  99   213  -7.14244
  99   214  -7.16509
  99   216  -7.20722
  99   217  -7.22673
  99   220  -7.27936
  99   221  -7.29502
  99   222  -7.30975
  99   223  -7.32360
  99   225  -7.34873
  99   226  -7.36004
  99   227  -7.37055
  99   228  -7.38026
  99   234  -7.42303
  99   235  -7.42772
  99   237  -7.43517
  99   238  -7.43795
  99   250  -7.42797
  99   252  -7.41938
  99   254  -7.40907
  99   269  -7.28412
  99   270  -7.27321
  99   271  -7.26203
  99   274  -7.22689
  99   275  -7.21466
  99   276  -7.20218
  99   278  -7.17652
  99   279  -7.16336
  99   280  -7.14996
  99   284  -7.09429
  99   287  -7.05046
  99   289  -7.02034
  99   297  -6.89344
  99   299  -6.86028
  99   300  -6.84351
  99   303  -6.79243
  99   304  -6.77519
  99   307  -6.72278
  99   310  -6.66945
  99   311  -6.65150
  99   312  -6.63346
  99   317  -6.54198
 100   196  -6.44001
 100   200  -6.62435
 100   201  -6.66646
 100   204  -6.78387
 100   205  -6.82015
 100   206  -6.85505
 100   209  -6.95180
 100   210  -6.98151
 100   211  -7.00999
 100   212  -7.03729
 100   213  -7.06342
 100   216  -7.13508
 100   225  -7.29539
 100   228  -7.33261
 100   229  -7.34340
 100   230  -7.35343
 100   231  -7.36267
 100   234  -7.38601
 100   235  -7.39238
 100   240  -7.41441
 100   241  -7.41694
 100   243  -7.42028
 100   244  -7.42109
 100   245  -7.42136
 100   246  -7.42111
 100   247  -7.42031
 100   248  -7.41901
 100   249  -7.41722
 100   251  -7.41218
 100   252  -7.40898
 100   253  -7.40530
 100   254  -7.40118
 100   255  -7.39664
 100   259  -7.37434
 100   261  -7.36085
 100   265  -7.32957
 100   268  -7.30261
 100   269  -7.29299
 100   271  -7.27287
 100   272  -7.26237
 100   273  -7.25160
 100   276  -7.21768
 100   277  -7.20585
 100   278  -7.19378
 100   281  -7.15615
 100   286  -7.08907
 100   290  -7.03184
 100   291  -7.01709
 100   292  -7.00217
 100   293  -6.98707
 100   294  -6.97181
 100   295  -6.95640
 100   296  -6.94083
 100   299  -6.89324
 100   300  -6.87709
 100   301  -6.86081
 100   303  -6.82788
 100   306  -6.77755
 100   309  -6.72621
 100   310  -6.70889
 100   311  -6.69147
 100   323  -6.47568
 100   324  -6.45722
 100   325  -6.43869
 101   199  -6.45937
 101   200  -6.50597
 101   201  -6.55100
 101   202  -6.59446
 101   203  -6.63641
 101   204  -6.67685
 101   206  -6.75343
 101   207  -6.78963
 101   208  -6.82448
 101   210  -6.89022
 101   211  -6.92119
 101   212  -6.95093
 101   214  -7.00681
 101   217  -7.08210
 101   219  -7.12692
 101   220  -7.14777
 101   225  -7.23753
 101   226  -7.25273
 101   227  -7.26708
 101   230  -7.30509
 101   231  -7.31615
 101   232  -7.32645
 101   233  -7.33598
 101   234  -7.34478
 101   238  -7.37296
 101   240  -7.38305
 101   241  -7.38715
 101   246  -7.39875
 101   253  -7.39251
 101   256  -7.38267
 101   257  -7.37852
 101   259  -7.36897
 101   261  -7.35781
 101   263  -7.34512
 101   264  -7.33822
 101   271  -7.28046
 101   275  -7.24067
 101   278  -7.20796
 101   280  -7.18486
 101   283  -7.14843
 101   286  -7.10998
 101   288  -7.08330
 101   289  -7.06967
 101   291  -7.04183
 101   294  -6.99872
 101   295  -6.98400
 101   296  -6.96912
 101   299  -6.92353
 101   300  -6.90804
 101   301  -6.89241
 101   303  -6.86073
 101   309  -6.76261
 101   310  -6.74585
 101   311  -6.72898
 101   315  -6.66049
 101   327  -6.44681
 101   328  -6.42854
 102   200  -6.38220
 102   202  -6.47652
 102   204  -6.56457
 102   206  -6.64664
 102   209  -6.75911
 102   210  -6.79390
 102   214  -6.92034
 102   215  -6.94891
 102   217  -7.00262
 102   220  -7.07495
 102   222  -7.11797
 102   225  -7.17517
 102   228  -7.22411
 102   229  -7.23868
 102   231  -7.26532
 102   232  -7.27743
 102   236  -7.31827
 102   237  -7.32664
 102   238  -7.33433
 102   239  -7.34134
 102   240  -7.34767
 102   242  -7.35842
 102   249  -7.37720
 102   252  -7.37708
 102   255  -7.37252
 102   256  -7.37006
 102   260  -7.35587
 102   266  -7.32250
 102   270  -7.29303
 102   272  -7.27633
 102   274  -7.25840
 102   275  -7.24899
 102   277  -7.22931
 102   282  -7.17545
 102   285  -7.14019
 102   287  -7.11556
 102   288  -7.10291
 102   289  -7.09006
 102   291  -7.06375
 102   293  -7.03667
 102   296  -6.99469
 102   297  -6.98034
 102   298  -6.96584
 102   300  -6.93635
 102   301  -6.92138
 102   306  -6.84433
 102   309  -6.79651
 102   310  -6.78033
 102   313  -6.73111
 102   314  -6.71447
 102   315  -6.69773
 102   321  -6.59534
 102   323  -6.56051
 102   325  -6.52537
 102   326  -6.50769
 102   327  -6.48993
 102   331  -6.41824
 103   203  -6.40093
 103   205  -6.49161
 103   206  -6.53466
 103   207  -6.57627
 103   208  -6.61641
 103   209  -6.65518
 103   210  -6.69255
 103   212  -6.76332
 103   215  -6.85995
 103   220  -6.99747
 103   221  -7.02167
 103   223  -7.06697
 103   225  -7.10832
 103   229  -7.17976
 103   235  -7.26129
 103   236  -7.27213
 103   239  -7.30028
 103   240  -7.30827
 103   241  -7.31558
 103   242  -7.32223
 103   243  -7.32823
 103   245  -7.33837
 103   246  -7.34252
 103   247  -7.34610
 103   248  -7.34910
 103   249  -7.35152
 103   250  -7.35341
 103   251  -7.35477
 103   254  -7.35571
 103   255  -7.35503
 103   259  -7.34765
 103   262  -7.33750
 103   271  -7.28599
 103   275  -7.25414
 103   276  -7.24541
 103   278  -7.22709
 103   279  -7.21749
 103   284  -7.16558
 103   285  -7.15444
 103   286  -7.14307
 103   287  -7.13147
 103   295  -7.03097
 103   298  -6.99011
 103   307  -6.85870
 103   313  -6.76483
 103   315  -6.73259
 103   316  -6.71630
 103   318  -6.68334
 103   320  -6.65013
 103   321  -6.63334
 103   322  -6.61647
 103   323  -6.59951
 103   324  -6.58246
 103   328  -6.51345
 103   331  -6.46093
 103   332  -6.44329
 103   333  -6.42558
 104   204  -6.32428
 104   206  -6.41755
 104   207  -6.46188
 104   208  -6.50476
 104   209  -6.54618
 104   213  -6.69808
 104   214  -6.73275
 104   215  -6.76618
 104   216  -6.79835
 104   217  -6.82934
 104   218  -6.85914
 104   219  -6.88779
 104   221  -6.94176
 104   224  -7.01470
 104   225  -7.03698
 104   226  -7.05826
 104   228  -7.09800
 104   229  -7.11648
 104   231  -7.15077
 104   235  -7.20923
 104   237  -7.23370
 104   239  -7.25517
 104   242  -7.28206
 104   243  -7.28966
 104   246  -7.30861
 104   252  -7.33041
 104   255  -7.33394
 104   258  -7.33298
 104   261  -7.32784
 104   262  -7.32526
 104   263  -7.32224
 104   264  -7.31879
 104   265  -7.31495
 104   267  -7.30609
 104   268  -7.30109
 104   270  -7.28998
 104   271  -7.28389
 104   272  -7.27745
 104   273  -7.27069
 104   274  -7.26358
 104   275  -7.25616
 104   276  -7.24843
 104   277  -7.24038
 104   278  -7.23203
 104   281  -7.20526
 104   288  -7.13348
 104   289  -7.12226
 104   291  -7.09914
 104   292  -7.08725
 104   295  -7.05035
 104   303  -6.94366
 104   304  -6.92957
 104   305  -6.91531
 104   307  -6.88635
 104   308  -6.87165
 104   312  -6.81148
 104   313  -6.79611
 104   314  -6.78063
 104   318  -6.71750
 104   320  -6.68529
 104   321  -6.66903
 104   323  -6.63621
 104   327  -6.56948
 104   328  -6.55258
 104   331  -6.50144
 104   333  -6.46696
 104   336  -6.41477
 104   337  -6.39724
 104   338  -6.37965
 105   207  -6.34243
 105   208  -6.38803
 105   209  -6.43218
 105   212  -6.55597
 105   214  -6.63168
 105   216  -6.70219
 105   219  -6.79871
 105   221  -6.85722
 105   222  -6.88481
 105   223  -6.91130
 105   224  -6.93673
 105   225  -6.96114
 105   227  -7.00692
 105   229  -7.04885
 105   230  -7.06840
 105   232  -7.10482
 105   235  -7.15301
 105   237  -7.18106
 105   240  -7.21737
 105   241  -7.22800
 105   242  -7.23793
 105   243  -7.24716
 105   244  -7.25571
 105   249  -7.28886
 105   250  -7.29367
 105   251  -7.29788
 105   252  -7.30153
 105   254  -7.30719
 105   257  -7.31174
 105   266  -7.29981
 105   267  -7.29634
 105   273  -7.26749
 105   277  -7.24124
 105   283  -7.19259
 105   286  -7.16448
 105   287  -7.15459
 105   290  -7.12345
 105   291  -7.11259
 105   298  -7.03055
 105   300  -7.00531
 105   302  -6.97934
 105   306  -6.92535
 105   311  -6.85435
 105   313  -6.82496
 105   316  -6.77987
 105   317  -6.76460
 105   321  -6.70238
 105   322  -6.68655
 105   323  -6.67061
 105   327  -6.60590
 105   331  -6.53977
 105   336  -6.45533
 105   337  -6.43823
 106   209  -6.31315
 106   210  -6.35854
 106   211  -6.40244
 106   215  -6.56416
 106   216  -6.60124
 106   220  -6.73711
 106   222  -6.79793
 106   224  -6.85428
 106   226  -6.90635
 106   227  -6.93085
 106   228  -6.95434
 106   230  -6.99843
 106   233  -7.05759
 106   235  -7.09263
 106   236  -7.10887
 106   237  -7.12431
 106   240  -7.16589
 106   241  -7.17823
 106   243  -7.20074
 106   249  -7.25187
 106   251  -7.26386
 106   260  -7.29018
 106   261  -7.29054
 106   263  -7.28988
 106   266  -7.28554
 106   267  -7.28324
 106   268  -7.28052
 106   269  -7.27741
 106   270  -7.27390
 106   271  -7.27001
 106   273  -7.26109
 106   276  -7.24505
 106   279  -7.22598
 106   282  -7.20408
 106   289  -7.14300
 106   291  -7.12322
 106   292  -7.11296
 106   293  -7.10247
 106   299  -7.03494
 106   300  -7.02297
 106   302  -6.99845
 106   306  -6.94723
 106   311  -6.87949
 106   315  -6.82261
 106   318  -6.77856
 106   319  -6.76362
 106   326  -6.65589
 106   328  -6.62418
 106   331  -6.57591
 106   333  -6.54329
 106   336  -6.49377
 106   337  -6.47711
 106   341  -6.40978
 106   342  -6.39278
 106   343  -6.37573
 107   210  -6.23725
 107   214  -6.41502
 107   216  -6.49555
 107   218  -6.57082
 107   219  -6.60655
 107   222  -6.70649
 107   223  -6.73747
 107   225  -6.79607
 107   226  -6.82375
 107   230  -6.92415
 107   233  -6.98924
 107   235  -7.02808
 107   236  -7.04620
 107   238  -7.07993
 107   240  -7.11041
 107   241  -7.12447
 107   246  -7.18380
 107   247  -7.19356
 107   248  -7.20267
 107   249  -7.21111
 107   250  -7.21892
 107   251  -7.22614
 107   254  -7.24412
 107   257  -7.25697
 107   259  -7.26286
 107   260  -7.26502
 107   264  -7.26882
 107   266  -7.26793
 107   271  -7.25821
 107   272  -7.25504
 107   274  -7.24759
 107   278  -7.22834
 107   281  -7.21035
 107   283  -7.19679
 107   285  -7.18201
 107   287  -7.16608
 107   288  -7.15771
 107   290  -7.14017
 107   291  -7.13100
 107   293  -7.11193
 107   296  -7.08156
 107   305  -6.97890
 107   312  -6.88877
 107   315  -6.84778
 107   316  -6.83383
 107   317  -6.81974
 107   325  -6.70247
 107   333  -6.57820
 107   334  -6.56224
 107   335  -6.54620
 107   338  -6.49758
 107   342  -6.43173
 107   346  -6.36478
 107   347  -6.34790
 107   348  -6.33095
 108   216  -6.38513
 108   219  -6.50351
 108   221  -6.57607
 108   222  -6.61051
 108   224  -6.67588
 108   226  -6.73672
 108   228  -6.79321
 108   229  -6.81989
 108   231  -6.87023
 108   234  -6.93848
 108   239  -7.03427
 108   241  -7.06673
 108   243  -7.09608
 108   244  -7.10960
 108   246  -7.13449
 108   252  -7.19277
 108   255  -7.21339
 108   256  -7.21909
 108   257  -7.22423
 108   259  -7.23287
 108   262  -7.24188
 108   263  -7.24386
 108   266  -7.24697
 108   269  -7.24597
 108   271  -7.24316
 108   272  -7.24114
 108   274  -7.23591
 108   275  -7.23272
 108   277  -7.22523
 108   278  -7.22093
 108   280  -7.21132
 108   281  -7.20600
 108   283  -7.19439
 108   284  -7.18811
 108   294  -7.10954
 108   296  -7.09070
 108   299  -7.06069
 108   303  -7.01766
 108   308  -6.95939
 108   311  -6.92228
 108   313  -6.89672
 108   314  -6.88369
 108   315  -6.87052
 108   317  -6.84371
 108   320  -6.80244
 108   325  -6.73107
 108   329  -6.67183
 108   330  -6.65675
 108   333  -6.61093
 108   334  -6.59546
 108   338  -6.53269
 108   340  -6.50081
 108   341  -6.48475
 108   343  -6.45239
 108   344  -6.43612
 108   345  -6.41977
 108   346  -6.40336
 108   347  -6.38688
 108   348  -6.37034
 108   352  -6.30357
 109   214  -6.17916
 109   216  -6.26996
 109   220  -6.43515
 109   222  -6.50999
 109   223  -6.54557
 109   224  -6.57998
 109   225  -6.61319
 109   230  -6.76268
 109   231  -6.78942
 109   232  -6.81514
 109   237  -6.92950
 109   238  -6.94967
 109   239  -6.96895
 109   240  -6.98739
 109   244  -7.05311
 109   247  -7.09437
 109   249  -7.11831
 109   250  -7.12925
 109   251  -7.13952
 109   252  -7.14914
 109   255  -7.17422
 109   263  -7.21572
 109   265  -7.22083
 109   266  -7.22264
 109   268  -7.22489
 109   272  -7.22401
 109   273  -7.22275
 109   274  -7.22105
 109   275  -7.21897
 109   276  -7.21650
 109   280  -7.20290
 109   282  -7.19396
 109   284  -7.18371
 109   288  -7.15940
 109   289  -7.15257
 109   291  -7.13806
 109   292  -7.13039
 109   293  -7.12246
 109   295  -7.10581
 109   305  -7.00834
 109   306  -6.99741
 109   308  -6.97498
 109   309  -6.96348
 109   310  -6.95180
 109   311  -6.93994
 109   312  -6.92791
 109   316  -6.87810
 109   319  -6.83912
 109   320  -6.82583
 109   321  -6.81240
 109   326  -6.74327
 109   327  -6.72906
 109   329  -6.70032
 109   330  -6.68576
 109   331  -6.67111
 109   332  -6.65635
 109   335  -6.61144
 109   338  -6.56568
 109   339  -6.55024
 109   343  -6.48766
 109   347  -6.42386
 109   351  -6.35895
 109   352  -6.34256
 109   353  -6.32613
 110   216  -6.15010
 110   218  -6.24043
 110   222  -6.40496
 110   223  -6.44288
 110   227  -6.58262
 110   231  -6.70435
 110   233  -6.75894
 110   234  -6.78473
 110   237  -6.85640
 110   238  -6.87845
 110   241  -6.93933
 110   242  -6.95793
 110   243  -6.97572
 110   247  -7.03906
 110   248  -7.05302
 110   253  -7.11235
 110   256  -7.14007
 110   259  -7.16236
 110   264  -7.18827
 110   265  -7.19188
 110   267  -7.19759
 110   268  -7.19973
 110   269  -7.20140
 110   270  -7.20260
 110   272  -7.20368
 110   273  -7.20356
 110   275  -7.20207
 110   278  -7.19683
 110   281  -7.18818
 110   284  -7.17633
 110   287  -7.16147
 110   292  -7.13056
 110   296  -7.10075
 110   298  -7.08428
 110   299  -7.07567
 110   305  -7.01916
 110   308  -6.98801
 110   309  -6.97722
 110   311  -6.95509
 110   312  -6.94374
 110   313  -6.93222
 110   315  -6.90865
 110   322  -6.82108
 110   323  -6.80797
 110   328  -6.74044
 110   329  -6.72655
 110   330  -6.71254
 110   334  -6.65539
 110   336  -6.62617
 110   338  -6.59653
 110   342  -6.53618
 110   346  -6.47444
 110   349  -6.42734
 110   354  -6.34745
 110   355  -6.33129
 111   221  -6.25382
 111   222  -6.29540
 111   225  -6.41260
 111   227  -6.48465
 111   228  -6.51891
 111   231  -6.61505
 111   232  -6.64493
 111   234  -6.70162
 111   237  -6.77922
 111   239  -6.82624
 111   241  -6.86968
 111   242  -6.89010
 111   243  -6.90968
 111   244  -6.92843
 111   246  -6.96356
 111   248  -6.99556
 111   249  -7.01045
 111   250  -7.02462
 111   254  -7.07432
 111   256  -7.09519
 111   259  -7.12184
 111   261  -7.13664
 111   262  -7.14318
 111   264  -7.15463
 111   267  -7.16786
 111   270  -7.17662
 111   272  -7.18013
 111   280  -7.17692
 111   283  -7.16926
 111   292  -7.12790
 111   298  -7.08686
 111   301  -7.06280
 111   302  -7.05429
 111   303  -7.04555
 111   305  -7.02738
 111   307  -7.00833
 111   308  -6.99848
 111   310  -6.97818
 111   311  -6.96773
 111   312  -6.95709
 111   317  -6.90113
 111   321  -6.85331
 111   327  -6.77706
 111   328  -6.76386
 111   329  -6.75054
 111   330  -6.73710
 111   332  -6.70982
 111   333  -6.69602
 111   338  -6.62528
 111   339  -6.61081
 111   341  -6.58160
 111   346  -6.50695
 111   347  -6.49177
 111   348  -6.47650
 111   349  -6.46117
 111   354  -6.38335
 111   355  -6.36758
 111   356  -6.35176
 111   361  -6.27171
 112   220  -6.09196
 112   222  -6.18138
 112   224  -6.26552
 112   227  -6.38230
 112   228  -6.41884
 112   229  -6.45418
 112   231  -6.52151
 112   232  -6.55351
 112   234  -6.61435
 112   235  -6.64322
 112   238  -6.72389
 112   239  -6.74887
 112   242  -6.81834
 112   243  -6.83974
 112   244  -6.86028
 112   247  -6.91702
 112   248  -6.93434
 112   249  -6.95091
 112   252  -6.99616
 112   255  -7.03508
 112   256  -7.04671
 112   257  -7.05772
 112   262  -7.10340
 112   264  -7.11760
 112   267  -7.13482
 112   268  -7.13951
 112   269  -7.14370
 112   270  -7.14739
 112   272  -7.15334
 112   273  -7.15561
 112   274  -7.15744
 112   275  -7.15881
 112   277  -7.16027
 112   280  -7.15933
 112   281  -7.15823
 112   283  -7.15488
 112   284  -7.15264
 112   286  -7.14710
 112   287  -7.14381
 112   288  -7.14017
 112   289  -7.13622
 112   290  -7.13193
 112   291  -7.12733
 112   292  -7.12241
 112   296  -7.09976
 112   297  -7.09339
 112   298  -7.08674
 112   300  -7.07264
 112   301  -7.06520
 112   303  -7.04958
 112   304  -7.04140
 112   312  -6.96793
 112   313  -6.95781
 112   314  -6.94749
 112   315  -6.93700
 112   316  -6.92630
 112   318  -6.90440
 112   322  -6.85851
 112   324  -6.83461
 112   326  -6.81011
 112   329  -6.77229
 112   334  -6.70659
 112   335  -6.69308
 112   336  -6.67947
 112   337  -6.66573
 112   344  -6.56661
 112   345  -6.55207
 112   348  -6.50788
 112   353  -6.43259
 112   354  -6.41731
 112   358  -6.35548
 112   360  -6.32417
 112   361  -6.30843
 112   364  -6.26087
 112   365  -6.24490
 113   223  -6.10803
 113   224  -6.15184
 113   227  -6.27564
 113   230  -6.38846
 113   232  -6.45791
 113   233  -6.49097
 113   234  -6.52295
 113   236  -6.58378
 113   240  -6.69347
 113   241  -6.71852
 113   243  -6.76589
 113   247  -6.85031
 113   252  -6.93783
 113   253  -6.95309
 113   257  -7.00720
 113   258  -7.01905
 113   260  -7.04085
 113   262  -7.06019
 113   263  -7.06897
 113   267  -7.09843
 113   268  -7.10443
 113   270  -7.11488
 113   272  -7.12334
 113   275  -7.13244
 113   276  -7.13455
 113   286  -7.13288
 113   292  -7.11410
 113   295  -7.10033
 113   298  -7.08387
 113   302  -7.05807
 113   303  -7.05096
 113   305  -7.03599
 113   306  -7.02814
 113   308  -7.01175
 113   309  -7.00321
 113   310  -6.99445
 113   317  -6.92731
 113   318  -6.91695
 113   321  -6.88477
 113   322  -6.87371
 113   324  -6.85107
 113   325  -6.83952
 113   334  -6.72892
 113   335  -6.71596
 113   339  -6.66290
 113   340  -6.64936
 113   341  -6.63570
 113   342  -6.62194
 113   344  -6.59410
 113   352  -6.47896
 113   353  -6.46418
 113   356  -6.41938
 113   357  -6.40429
 113   359  -6.37393
 113   360  -6.35864
 113   361  -6.34329
 113   364  -6.29685
 113   365  -6.28126
 113   366  -6.26561
 113   368  -6.23415
 114   224  -6.03379
 114   225  -6.07870
 114   226  -6.12233
 114   227  -6.16467
 114   229  -6.24562
 114   230  -6.28430
 114   231  -6.32178
 114   233  -6.39332
 114   234  -6.42741
 114   237  -6.52331
 114   239  -6.58212
 114   240  -6.61004
 114   244  -6.71237
 114   247  -6.77981
 114   250  -6.83978
 114   251  -6.85818
 114   253  -6.89272
 114   255  -6.92433
 114   256  -6.93908
 114   258  -6.96651
 114   260  -6.99130
 114   261  -7.00273
 114   263  -7.02376
 114   265  -7.04239
 114   267  -7.05873
 114   268  -7.06606
 114   269  -7.07286
 114   270  -7.07913
 114   271  -7.08487
 114   272  -7.09012
 114   274  -7.09912
 114   278  -7.11151
 114   281  -7.11614
 114   285  -7.11657
 114   286  -7.11570
 114   287  -7.11446
 114   291  -7.10593
 114   294  -7.09597
 114   295  -7.09201
 114   300  -7.06769
 114   302  -7.05597
 114   303  -7.04970
 114   306  -7.02935
 114   310  -6.99879
 114   312  -6.98213
 114   313  -6.97348
 114   317  -6.93677
 114   318  -6.92710
 114   319  -6.91725
 114   320  -6.90720
 114   321  -6.89696
 114   324  -6.86522
 114   327  -6.83195
 114   333  -6.76133
 114   335  -6.73666
 114   336  -6.72413
 114   337  -6.71145
 114   339  -6.68577
 114   340  -6.67274
 114   341  -6.65961
 114   342  -6.64634
 114   343  -6.63299
 114   344  -6.61951
 114   346  -6.59224
 114   347  -6.57846
 114   355  -6.46487
 114   356  -6.45030
 114   357  -6.43564
 114   358  -6.42090
 114   361  -6.37626
 114   364  -6.33100
 114   366  -6.30052
 114   369  -6.25435
 114   371  -6.22328
 115   230  -6.17589
 115   232  -6.25415
 115   234  -6.32778
 115   235  -6.36292
 115   236  -6.39696
 115   238  -6.46186
 115   240  -6.52266
 115   241  -6.55157
 115   245  -6.65780
 115   246  -6.68210
 115   247  -6.70551
 115   251  -6.79084
 115   252  -6.81015
 115   254  -6.84651
 115   256  -6.87990
 115   259  -6.92469
 115   260  -6.93828
 115   261  -6.95119
 115   263  -6.97513
 115   264  -6.98617
 115   266  -7.00643
 115   271  -7.04717
 115   273  -7.05971
 115   275  -7.07025
 115   276  -7.07478
 115   277  -7.07885
 115   278  -7.08244
 115   279  -7.08558
 115   280  -7.08828
 115   281  -7.09053
 115   283  -7.09378
 115   284  -7.09478
 115   285  -7.09538
 115   286  -7.09559
 115   291  -7.09096
 115   292  -7.08895
 115   293  -7.08661
 115   294  -7.08392
 115   295  -7.08091
 115   296  -7.07759
 115   297  -7.07394
 115   300  -7.06117
 115   302  -7.05120
 115   305  -7.03416
 115   308  -7.01476
 115   310  -7.00059
 115   311  -6.99314
 115   313  -6.97757
 115   314  -6.96945
 115   316  -6.95257
 115   323  -6.88712
 115   326  -6.85629
 115   329  -6.82397
 115   335  -6.75515
 115   336  -6.74316
 115   337  -6.73109
 115   338  -6.71885
 115   341  -6.68140
 115   342  -6.66867
 115   345  -6.62977
 115   346  -6.61659
 115   347  -6.60330
 115   348  -6.58991
 115   349  -6.57641
 115   352  -6.53533
 115   355  -6.49343
 115   356  -6.47928
 115   358  -6.45075
 115   362  -6.39274
 115   363  -6.37806
 115   369  -6.28855
 115   370  -6.27341
 115   371  -6.25822
 115   374  -6.21232
 116   228  -5.97559
 116   232  -6.14604
 116   233  -6.18562
 116   234  -6.22403
 116   237  -6.33252
 116   238  -6.36649
 116   240  -6.43133
 116   242  -6.49213
 116   244  -6.54903
 116   247  -6.62745
 116   249  -6.67531
 116   253  -6.76107
 116   254  -6.78053
 116   256  -6.81715
 116   258  -6.85088
 116   259  -6.86668
 116   260  -6.88178
 116   261  -6.89620
 116   266  -6.95871
 116   267  -6.96936
 116   268  -6.97942
 116   269  -6.98891
 116   270  -6.99783
 116   275  -7.03441
 116   277  -7.04547
 116   278  -7.05027
 116   279  -7.05460
 116   280  -7.05848
 116   282  -7.06488
 116   283  -7.06742
 116   285  -7.07124
 116   287  -7.07342
 116   288  -7.07391
 116   289  -7.07403
 116   292  -7.07214
 116   295  -7.06705
 116   298  -7.05894
 116   301  -7.04801
 116   302  -7.04377
 116   303  -7.03923
 116   305  -7.02932
 116   306  -7.02395
 116   307  -7.01831
 116   308  -7.01241
 116   309  -7.00626
 116   311  -6.99320
 116   312  -6.98631
 116   314  -6.97182
 116   315  -6.96423
 116   320  -6.92306
 116   326  -6.86708
 116   328  -6.84698
 116   329  -6.83667
 116   332  -6.80477
 116   335  -6.77149
 116   336  -6.76009
 116   338  -6.73688
 116   341  -6.70107
 116   342  -6.68888
 116   350  -6.58708
 116   351  -6.57387
 116   355  -6.52002
 116   358  -6.47868
 116   361  -6.43657
 116   362  -6.42238
 116   365  -6.37933
 116   366  -6.36484
 116   368  -6.33565
 116   373  -6.26156
 116   375  -6.23152
 116   377  -6.20125
 117   230  -5.94651
 117   231  -5.99076
 117   233  -6.07559
 117   235  -6.15563
 117   237  -6.23109
 117   241  -6.36895
 117   242  -6.40084
 117   243  -6.43170
 117   244  -6.46159
 117   248  -6.57180
 117   250  -6.62153
 117   251  -6.64511
 117   254  -6.71093
 117   256  -6.75086
 117   259  -6.80515
 117   261  -6.83777
 117   263  -6.86767
 117   264  -6.88164
 117   265  -6.89493
 117   266  -6.90762
 117   268  -6.93115
 117   270  -6.95231
 117   273  -6.97981
 117   276  -7.00246
 117   277  -7.00899
 117   278  -7.01502
 117   283  -7.03807
 117   284  -7.04133
 117   285  -7.04414
 117   290  -7.05206
 117   292  -7.05250
 117   293  -7.05215
 117   296  -7.04899
 117   297  -7.04725
 117   300  -7.04006
 117   303  -7.03004
 117   306  -7.01736
 117   309  -7.00218
 117   322  -6.91091
 117   328  -6.85678
 117   331  -6.82726
 117   333  -6.80676
 117   334  -6.79626
 117   337  -6.76386
 117   340  -6.73016
 117   343  -6.69520
 117   346  -6.65912
 117   350  -6.60934
 117   352  -6.58377
 117   355  -6.54467
 117   356  -6.53144
 117   359  -6.49119
 117   360  -6.47759
 117   370  -6.33718
 117   371  -6.32275
 117   373  -6.29368
 117   374  -6.27905
 117   378  -6.21995
 117   380  -6.19008
 117   381  -6.17507
 118   232  -5.91741
 118   234  -6.00428
 118   236  -6.08636
 118   237  -6.12566
 118   239  -6.20090
 118   240  -6.23688
 118   244  -6.37033
 118   245  -6.40119
 118   257  -6.70149
 118   259  -6.74016
 118   260  -6.75838
 118   261  -6.77590
 118   262  -6.79271
 118   265  -6.83909
 118   266  -6.85322
 118   267  -6.86672
 118   271  -6.91463
 118   272  -6.92514
 118   273  -6.93506
 118   275  -6.95330
 118   276  -6.96161
 118   278  -6.97667
 118   284  -7.01012
 118   285  -7.01408
 118   286  -7.01760
 118   288  -7.02336
 118   291  -7.02893
 118   293  -7.03069
 118   294  -7.03100
 118   295  -7.03095
 118   298  -7.02867
 118   300  -7.02545
 118   301  -7.02334
 118   302  -7.02091
 118   305  -7.01179
 118   308  -7.00002
 118   311  -6.98575
 118   314  -6.96912
 118   316  -6.95680
 118   317  -6.95028
 118   327  -6.87310
 118   328  -6.86427
 118   330  -6.84608
 118   331  -6.83671
 118   333  -6.81747
 118   339  -6.75584
 118   342  -6.72299
 118   344  -6.70041
 118   345  -6.68892
 118   354  -6.58002
 118   355  -6.56737
 118   361  -6.48933
 118   362  -6.47600
 118   363  -6.46259
 118   364  -6.44908
 118   368  -6.39425
 118   370  -6.36638
 118   372  -6.33822
 118   374  -6.30979
 118   375  -6.29548
 118   377  -6.26665
 118   383  -6.17881
 119   235  -5.93216
 119   237  -6.01625
 119   239  -6.09571
 119   242  -6.20660
 119   245  -6.30805
 119   247  -6.37070
 119   248  -6.40060
 119   249  -6.42955
 119   254  -6.56097
 119   255  -6.58471
 119   257  -6.62976
 119   261  -6.71058
 119   265  -6.77986
 119   266  -6.79549
 119   267  -6.81044
 119   268  -6.82475
 119   270  -6.85153
 119   272  -6.87586
 119   273  -6.88714
 119   279  -6.94327
 119   280  -6.95078
 119   281  -6.95779
 119   282  -6.96431
 119   283  -6.97036
 119   284  -6.97594
 119   285  -6.98106
 119   286  -6.98572
 119   288  -6.99373
 119   289  -6.99708
 119   290  -7.00004
 119   291  -7.00255
 119   292  -7.00467
 119   300  -7.00815
 119   316  -6.95330
 119   319  -6.93535
 119   322  -6.91532
 119   324  -6.90088
 119   325  -6.89333
 119   326  -6.88559
 119   327  -6.87764
 119   328  -6.86950
 119   329  -6.86117
 119   330  -6.85263
 119   338  -6.77805
 119   341  -6.74741
 119   347  -6.68220
 119   350  -6.64781
 119   353  -6.61233
 119   360  -6.52566
 119   366  -6.44755
 119   367  -6.43423
 119   368  -6.42082
 119   369  -6.40733
 119   370  -6.39376
 119   376  -6.31081
 119   382  -6.22548
 119   384  -6.19658
 119   386  -6.16746
 119   387  -6.15282
 120   236  -5.85922
 120   237  -5.90287
 120   239  -5.98660
 120   240  -6.02674
 120   244  -6.17635
 120   245  -6.21112
 120   249  -6.34022
 120   251  -6.39907
 120   253  -6.45432
 120   257  -6.55450
 120   262  -6.66180
 120   266  -6.73443
 120   267  -6.75086
 120   268  -6.76664
 120   274  -6.84811
 120   276  -6.87053
 120   281  -6.91703
 120   282  -6.92478
 120   284  -6.93879
 120   285  -6.94508
 120   287  -6.95628
 120   288  -6.96119
 120   289  -6.96566
 120   290  -6.96971
 120   292  -6.97653
 120   294  -6.98173
 120   295  -6.98373
 120   297  -6.98659
 120   298  -6.98746
 120   302  -6.98740
 120   309  -6.97456
 120   312  -6.96456
 120   316  -6.94736
 120   319  -6.93175
 120   320  -6.92606
 120   323  -6.90759
 120   325  -6.89417
 120   327  -6.87989
 120   328  -6.87243
 120   330  -6.85693
 120   339  -6.77800
 120   340  -6.76838
 120   341  -6.75860
 120   344  -6.72836
 120   347  -6.69679
 120   348  -6.68600
 120   350  -6.66402
 120   351  -6.65283
 120   353  -6.63009
 120   354  -6.61853
 120   368  -6.44555
 120   369  -6.43249
 120   371  -6.40611
 120   372  -6.39280
 120   373  -6.37941
 120   374  -6.36595
 120   375  -6.35241
 120   378  -6.31136
 120   382  -6.25570
 120   388  -6.17041
 120   389  -6.15601
 121   238  -5.83014
 121   241  -5.95695
 121   242  -5.99696
 121   244  -6.07366
 121   245  -6.11040
 121   246  -6.14612
 121   248  -6.21449
 121   251  -6.30976
 121   253  -6.36861
 121   254  -6.39669
 121   257  -6.47575
 121   258  -6.50044
 121   259  -6.52430
 121   261  -6.56970
 121   262  -6.59124
 121   269  -6.72183
 121   272  -6.76772
 121   274  -6.79519
 121   275  -6.80803
 121   276  -6.82030
 121   280  -6.86374
 121   283  -6.89069
 121   284  -6.89867
 121   285  -6.90615
 121   287  -6.91969
 121   293  -6.94943
 121   294  -6.95290
 121   295  -6.95596
 121   297  -6.96089
 121   300  -6.96543
 121   304  -6.96646
 121   305  -6.96586
 121   307  -6.96369
 121   310  -6.95807
 121   311  -6.95561
 121   312  -6.95283
 121   313  -6.94978
 121   315  -6.94283
 121   316  -6.93895
 121   317  -6.93481
 121   319  -6.92574
 121   320  -6.92083
 121   322  -6.91027
 121   333  -6.83626
 121   335  -6.82018
 121   336  -6.81187
 121   339  -6.78586
 121   346  -6.71944
 121   347  -6.70934
 121   349  -6.68872
 121   352  -6.65677
 121   353  -6.64586
 121   359  -6.57783
 121   361  -6.55425
 121   367  -6.48101
 121   368  -6.46846
 121   370  -6.44311
 121   373  -6.40443
 121   376  -6.36501
 121   377  -6.35172
 121   379  -6.32493
 121   384  -6.25672
 121   386  -6.22901
 121   387  -6.21505
 121   393  -6.13020
 121   394  -6.11587
 122   242  -5.88637
 122   244  -5.96717
 122   246  -6.04363
 122   247  -6.08029
 122   249  -6.15053
 122   251  -6.21683
 122   252  -6.24854
 122   255  -6.33817
 122   258  -6.41987
 122   259  -6.44543
 122   262  -6.51727
 122   263  -6.53966
 122   266  -6.60235
 122   269  -6.65862
 122   270  -6.67602
 122   272  -6.70885
 122   273  -6.72429
 122   275  -6.75334
 122   279  -6.80432
 122   280  -6.81563
 122   281  -6.82642
 122   282  -6.83665
 122   284  -6.85557
 122   285  -6.86427
 122   286  -6.87247
 122   290  -6.90049
 122   291  -6.90633
 122   294  -6.92126
 122   295  -6.92539
 122   296  -6.92911
 122   302  -6.94321
 122   303  -6.94425
 122   305  -6.94531
 122   315  -6.93114
 122   318  -6.92116
 122   322  -6.90418
 122   325  -6.88883
 122   327  -6.87745
 122   330  -6.85870
 122   332  -6.84516
 122   333  -6.83807
 122   338  -6.79977
 122   341  -6.77461
 122   342  -6.76589
 122   343  -6.75699
 122   344  -6.74793
 122   345  -6.73872
 122   346  -6.72934
 122   348  -6.71014
 122   349  -6.70033
 122   354  -6.64912
 122   357  -6.61683
 122   363  -6.54901
 122   366  -6.51363
 122   369  -6.47735
 122   375  -6.40229
 122   382  -6.31101
 122   383  -6.29748
 122   385  -6.27081
 122   386  -6.25729
 122   392  -6.17482
